400009
400031
400033
400051
400067
400069
400087
400093
400109
400123
400151
400157
400187
400199
400207
400217
400237
400243
400247
400249
400261
400277
400291
400297
400307
400313
400321
400331
400339
400381
400391
400409
400417
400429
400441
400457
400471
400481
400523
400559
400579
400597
400601
400607
400619
400643
400651
400657
400679
400681
400703
400711
400721
400723
400739
400753
400759
400823
400837
400849
400853
400859
400871
400903
400927
400931
400943
400949
400963
400997
401017
401029
401039
401053
401057
401069
401077
401087
401101
401113
401119
401161
401173
401179
401201
401209
401231
401237
401243
401279
401287
401309
401311
401321
401329
401341
401347
401371
401381
401393
401407
401411
401417
401473
401477
401507
401519
401537
401539
401551
401567
401587
401593
401627
401629
401651
401669
401671
401689
401707
401711
401743
401771
401773
401809
401813
401827
401839
401861
401867
401887
401903
401909
401917
401939
401953
401957
401959
401981
401987
401993
402023
402029
402037
402043
402049
402053
402071
402089
402091
402107
402131
402133
402137
402139
402197
402221
402223
402239
402253
402263
402277
402299
402307
402313
402329
402331
402341
402343
402359
402361
402371
402379
402383
402403
402419
402443
402487
402503
402511
402517
402527
402529
402541
402551
402559
402581
402583
402587
402593
402601
402613
402631
402691
402697
402739
402751
402757
402761
402763
402767
402769
402797
402803
402817
402823
402847
402851
402859
402863
402869
402881
402923
402943
402947
402949
402991
403001
403003
403037
403043
403049
403057
403061
403063
403079
403097
403103
403133
403141
403159
403163
403181
403219
403241
403243
403253
403261
403267
403289
403301
403309
403327
403331
403339
403363
403369
403387
403391
403433
403439
403483
403499
403511
403537
403547
403549
403553
403567
403577
403591
403603
403607
403621
403649
403661
403679
403681
403687
403703
403717
403721
403729
403757
403783
403787
403817
403829
403831
403849
403861
403867
403877
403889
403901
403933
403951
403957
403969
403979
403981
403993
404009
404011
404017
404021
404029
404051
404081
404099
404113
404119
404123
404161
404167
404177
404189
404191
404197
404213
404221
404249
404251
404267
404269
404273
404291
404309
404321
404323
404357
404381
404387
404389
404399
404419
404423
404429
404431
404449
404461
404483
404489
404497
404507
404513
404527
404531
404533
404539
404557
404597
404671
404693
404699
404713
404773
404779
404783
404819
404827
404837
404843
404849
404851
404941
404951
404959
404969
404977
404981
404983
405001
405011
405029
405037
405047
405049
405071
405073
405089
405091
405143
405157
405179
405199
405211
405221
405227
405239
405241
405247
405253
405269
405277
405287
405299
405323
405341
405343
405347
405373
405401
405407
405413
405437
405439
405473
405487
405491
405497
405499
405521
405527
405529
405541
405553
405577
405599
405607
405611
405641
405659
405667
405677
405679
405683
405689
405701
405703
405709
405719
405731
405749
405763
405767
405781
405799
405817
405827
405829
405857
405863
405869
405871
405893
405901
405917
405947
405949
405959
405967
405989
405991
405997
406013
406027
406037
406067
406073
406093
406117
406123
406169
406171
406177
406183
406207
406247
406253
406267
406271
406309
406313
406327
406331
406339
406349
406361
406381
406397
406403
406423
406447
406481
406499
406501
406507
406513
406517
406531
406547
406559
406561
406573
406577
406579
406583
406591
406631
406633
406649
406661
406673
406697
406699
406717
406729
406739
406789
406807
406811
406817
406837
406859
406873
406883
406907
406951
406969
406981
406993
407023
407047
407059
407083
407119
407137
407149
407153
407177
407179
407191
407203
407207
407219
407221
407233
407249
407257
407263
407273
407287
407291
407299
407311
407317
407321
407347
407357
407359
407369
407377
407383
407401
407437
407471
407483
407489
407501
407503
407509
407521
407527
407567
407573
407579
407587
407599
407621
407633
407639
407651
407657
407669
407699
407707
407713
407717
407723
407741
407747
407783
407789
407791
407801
407807
407821
407833
407843
407857
407861
407879
407893
407899
407917
407923
407947
407959
407969
407971
407977
407993
408011
408019
408041
408049
408071
408077
408091
408127
408131
408137
408169
408173
408197
408203
408209
408211
408217
408223
408229
408241
408251
408263
408271
408283
408311
408337
408341
408347
408361
408379
408389
408403
408413
408427
408431
408433
408437
408461
408469
408479
408491
408497
408533
408539
408553
408563
408607
408623
408631
408637
408643
408659
408677
408689
408691
408701
408703
408713
408719
408743
408763
408769
408773
408787
408803
408809
408817
408841
408857
408869
408911
408913
408923
408943
408953
408959
408971
408979
408997
409007
409021
409027
409033
409043
409063
409069
409081
409099
409121
409153
409163
409177
409187
409217
409237
409259
409261
409267
409271
409289
409291
409327
409333
409337
409349
409351
409369
409379
409391
409397
409429
409433
409441
409463
409471
409477
409483
409499
409517
409523
409529
409543
409573
409579
409589
409597
409609
409639
409657
409691
409693
409709
409711
409723
409729
409733
409753
409769
409777
409781
409813
409817
409823
409831
409841
409861
409867
409879
409889
409891
409897
409901
409909
409933
409943
409951
409961
409967
409987
409993
409999
410009
410029
410063
410087
410093
410117
410119
410141
410143
410149
410171
410173
410203
410231
410233
410239
410243
410257
410279
410281
410299
410317
410323
410339
410341
410353
410359
410383
410387
410393
410401
410411
410413
410453
410461
410477
410489
410491
410497
410507
410513
410519
410551
410561
410587
410617
410621
410623
410629
410651
410659
410671
410687
410701
410717
410731
410741
410747
410749
410759
410783
410789
410801
410807
410819
410833
410857
410899
410903
410929
410953
410983
410999
411001
411007
411011
411013
411031
411041
411049
411067
411071
411083
411101
411113
411119
411127
411143
411157
411167
411193
411197
411211
411233
411241
411251
411253
411259
411287
411311
411337
411347
411361
411371
411379
411409
411421
411443
411449
411469
411473
411479
411491
411503
411527
411529
411557
411563
411569
411577
411583
411589
411611
411613
411617
411637
411641
411667
411679
411683
411703
411707
411709
411721
411727
411737
411739
411743
411751
411779
411799
411809
411821
411823
411833
411841
411883
411919
411923
411937
411941
411947
411967
411991
412001
412007
412019
412031
412033
412037
412039
412051
412067
412073
412081
412099
412109
412123
412127
412133
412147
412157
412171
412187
412189
412193
412201
412211
412213
412219
412249
412253
412273
412277
412289
412303
412333
412339
412343
412387
412397
412411
412457
412463
412481
412487
412493
412537
412561
412567
412571
412589
412591
412603
412609
412619
412627
412637
412639
412651
412663
412667
412717
412739
412771
412793
412807
412831
412849
412859
412891
412901
412903
412939
412943
412949
412967
412987
413009
413027
413033
413053
413069
413071
413081
413087
413089
413093
413111
413113
413129
413141
413143
413159
413167
413183
413197
413201
413207
413233
413243
413251
413263
413267
413293
413299
413353
413411
413417
413429
413443
413461
413477
413521
413527
413533
413537
413551
413557
413579
413587
413597
413629
413653
413681
413683
413689
413711
413713
413719
413737
413753
413759
413779
413783
413807
413827
413849
413863
413867
413869
413879
413887
413911
413923
413951
413981
414013
414017
414019
414031
414049
414053
414061
414077
414083
414097
414101
414107
414109
414131
414157
414179
414199
414203
414209
414217
414221
414241
414259
414269
414277
414283
414311
414313
414329
414331
414347
414361
414367
414383
414389
414397
414413
414431
414433
414451
414457
414461
414467
414487
414503
414521
414539
414553
414559
414571
414577
414607
414611
414629
414641
414643
414653
414677
414679
414683
414691
414697
414703
414707
414709
414721
414731
414737
414763
414767
414769
414773
414779
414793
414803
414809
414833
414857
414871
414889
414893
414899
414913
414923
414929
414949
414959
414971
414977
414991
415013
415031
415039
415061
415069
415073
415087
415097
415109
415111
415133
415141
415147
415153
415159
415171
415187
415189
415201
415213
415231
415253
415271
415273
415319
415343
415379
415381
415391
415409
415427
415447
415469
415477
415489
415507
415517
415523
415543
415553
415559
415567
415577
415603
415607
415609
415627
415631
415643
415651
415661
415669
415673
415687
415691
415697
415717
415721
415729
415759
415783
415787
415799
415801
415819
415823
415861
415873
415879
415901
415931
415937
415949
415951
415957
415963
415969
415979
415993
415999
416011
416023
416071
416077
416089
416107
416147
416149
416153
416159
416167
416201
416219
416239
416243
416249
416257
416263
416281
416291
416333
416359
416387
416389
416393
416399
416401
416407
416413
416417
416419
416441
416443
416459
416473
416477
416491
416497
416501
416503
416513
416531
416543
416573
416579
416593
416621
416623
416629
416659
416677
416693
416719
416761
416797
416821
416833
416839
416849
416851
416873
416881
416887
416947
416957
416963
416989
417007
417017
417019
417023
417037
417089
417097
417113
417119
417127
417133
417161
417169
417173
417181
417187
417191
417203
417217
417227
417239
417251
417271
417283
417293
417311
417317
417331
417337
417371
417377
417379
417383
417419
417437
417451
417457
417479
417491
417493
417509
417511
417523
417541
417553
417559
417577
417581
417583
417617
417623
417631
417643
417649
417671
417691
417719
417721
417727
417731
417733
417737
417751
417763
417773
417793
417811
417821
417839
417863
417869
417881
417883
417899
417931
417941
417947
417953
417959
417961
417983
417997
418007
418009
418027
418031
418043
418051
418069
418073
418079
418087
418109
418129
418157
418169
418177
418181
418189
418199
418207
418219
418259
418273
418279
418289
418303
418321
418331
418337
418339
418343
418349
418351
418357
418373
418381
418391
418423
418427
418447
418459
418471
418493
418511
418553
418559
418597
418601
418603
418631
418633
418637
418657
418667
418699
418709
418721
418739
418751
418763
418771
418783
418787
418793
418799
418811
418813
418819
418837
418843
418849
418861
418867
418871
418883
418889
418909
418921
418927
418933
418939
418961
418981
418987
418993
418997
419047
419051
419053
419057
419059
419087
419141
419147
419161
419171
419183
419189
419191
419201
419231
419249
419261
419281
419291
419297
419303
419317
419329
419351
419383
419401
419417
419423
419429
419443
419449
419459
419467
419473
419477
419483
419491
419513
419527
419537
419557
419561
419563
419567
419579
419591
419597
419599
419603
419609
419623
419651
419687
419693
419701
419711
419743
419753
419777
419789
419791
419801
419803
419821
419827
419831
419873
419893
419921
419927
419929
419933
419953
419959
419999
420001
420029
420037
420041
420047
420073
420097
420103
420149
420163
420191
420193
420221
420241
420253
420263
420269
420271
420293
420307
420313
420317
420319
420323
420331
420341
420349
420353
420361
420367
420383
420397
420419
420421
420439
420457
420467
420479
420481
420499
420503
420521
420551
420557
420569
420571
420593
420599
420613
420671
420677
420683
420691
420731
420737
420743
420757
420769
420779
420781
420799
420803
420809
420811
420851
420853
420857
420859
420899
420919
420929
420941
420967
420977
420997
421009
421019
421033
421037
421049
421079
421081
421093
421103
421121
421123
421133
421147
421159
421163
421177
421181
421189
421207
421241
421273
421279
421303
421313
421331
421339
421349
421361
421381
421397
421409
421417
421423
421433
421453
421459
421469
421471
421483
421493
421501
421517
421559
421607
421609
421621
421633
421639
421643
421657
421661
421691
421697
421699
421703
421709
421711
421717
421727
421739
421741
421783
421801
421807
421831
421847
421891
421907
421913
421943
421973
421987
421997
422029
422041
422057
422063
422069
422077
422083
422087
422089
422099
422101
422111
422113
422129
422137
422141
422183
422203
422209
422231
422239
422243
422249
422267
422287
422291
422309
422311
422321
422339
422353
422363
422369
422377
422393
422407
422431
422453
422459
422479
422537
422549
422551
422557
422563
422567
422573
422581
422621
422627
422657
422689
422701
422707
422711
422749
422753
422759
422761
422789
422797
422803
422827
422857
422861
422867
422869
422879
422881
422893
422897
422899
422911
422923
422927
422969
422987
423001
423013
423019
423043
423053
423061
423067
423083
423091
423097
423103
423109
423121
423127
423133
423173
423179
423191
423209
423221
423229
423233
423251
423257
423259
423277
423281
423287
423289
423299
423307
423323
423341
423347
423389
423403
423413
423427
423431
423439
423457
423461
423463
423469
423481
423497
423503
423509
423541
423547
423557
423559
423581
423587
423601
423617
423649
423667
423697
423707
423713
423727
423749
423751
423763
423769
423779
423781
423791
423803
423823
423847
423853
423859
423869
423883
423887
423931
423949
423961
423977
423989
423991
424001
424003
424007
424019
424027
424037
424079
424091
424093
424103
424117
424121
424129
424139
424147
424157
424163
424169
424187
424199
424223
424231
424243
424247
424261
424267
424271
424273
424313
424331
424339
424343
424351
424397
424423
424429
424433
424451
424471
424481
424493
424519
424537
424547
424549
424559
424573
424577
424597
424601
424639
424661
424667
424679
424687
424693
424709
424727
424729
424757
424769
424771
424777
424811
424817
424819
424829
424841
424843
424849
424861
424867
424889
424891
424903
424909
424913
424939
424961
424967
424997
425003
425027
425039
425057
425059
425071
425083
425101
425107
425123
425147
425149
425189
425197
425207
425233
425237
425251
425273
425279
425281
425291
425297
425309
425317
425329
425333
425363
425377
425387
425393
425417
425419
425423
425441
425443
425471
425473
425489
425501
425519
425521
425533
425549
425563
425591
425603
425609
425641
425653
425681
425701
425713
425779
425783
425791
425801
425813
425819
425837
425839
425851
425857
425861
425869
425879
425899
425903
425911
425939
425959
425977
425987
425989
426007
426011
426061
426073
426077
426089
426091
426103
426131
426161
426163
426193
426197
426211
426229
426233
426253
426287
426301
426311
426319
426331
426353
426383
426389
426401
426407
426421
426427
426469
426487
426527
426541
426551
426553
426563
426583
426611
426631
426637
426641
426661
426691
426697
426707
426709
426731
426737
426739
426743
426757
426761
426763
426773
426779
426787
426799
426841
426859
426863
426871
426889
426893
426913
426917
426919
426931
426941
426971
426973
426997
427001
427013
427039
427043
427067
427069
427073
427079
427081
427103
427117
427151
427169
427181
427213
427237
427241
427243
427247
427249
427279
427283
427307
427309
427327
427333
427351
427369
427379
427381
427403
427417
427421
427423
427429
427433
427439
427447
427451
427457
427477
427513
427517
427523
427529
427541
427579
427591
427597
427619
427621
427681
427711
427717
427723
427727
427733
427751
427781
427787
427789
427813
427849
427859
427877
427879
427883
427913
427919
427939
427949
427951
427957
427967
427969
427991
427993
427997
428003
428023
428027
428033
428039
428041
428047
428083
428093
428137
428143
428147
428149
428161
428167
428173
428177
428221
428227
428231
428249
428251
428273
428297
428299
428303
428339
428353
428369
428401
428411
428429
428471
428473
428489
428503
428509
428531
428539
428551
428557
428563
428567
428569
428579
428629
428633
428639
428657
428663
428671
428677
428683
428693
428731
428741
428759
428777
428797
428801
428807
428809
428833
428843
428851
428863
428873
428899
428951
428957
428977
429007
429017
429043
429083
429101
429109
429119
429127
429137
429139
429161
429181
429197
429211
429217
429223
429227
429241
429259
429271
429277
429281
429283
429329
429347
429349
429361
429367
429389
429397
429409
429413
429427
429431
429449
429463
429467
429469
429487
429497
429503
429509
429511
429521
429529
429547
429551
429563
429581
429587
429589
429599
429631
429643
429659
429661
429673
429677
429679
429683
429701
429719
429727
429731
429733
429773
429791
429797
429817
429823
429827
429851
429853
429881
429887
429889
429899
429901
429907
429911
429917
429929
429931
429937
429943
429953
429971
429973
429991
430007
430009
430013
430019
430057
430061
430081
430091
430093
430121
430139
430147
430193
430259
430267
430277
430279
430289
430303
430319
430333
430343
430357
430393
430411
430427
430433
430453
430487
430499
430511
430513
430517
430543
430553
430571
430579
430589
430601
430603
430649
430663
430691
430697
430699
430709
430723
430739
430741
430747
430751
430753
430769
430783
430789
430799
430811
430819
430823
430841
430847
430861
430873
430879
430883
430891
430897
430907
430909
430921
430949
430957
430979
430981
430987
430999
431017
431021
431029
431047
431051
431063
431077
431083
431099
431107
431141
431147
431153
431173
431191
431203
431213
431219
431237
431251
431257
431267
431269
431287
431297
431311
431329
431339
431363
431369
431377
431381
431399
431423
431429
431441
431447
431449
431479
431513
431521
431533
431567
431581
431597
431603
431611
431617
431621
431657
431659
431663
431671
431693
431707
431729
431731
431759
431777
431797
431801
431803
431807
431831
431833
431857
431863
431867
431869
431881
431887
431891
431903
431911
431929
431933
431947
431983
431993
432001
432007
432023
432031
432037
432043
432053
432059
432067
432073
432097
432121
432137
432139
432143
432149
432161
432163
432167
432199
432203
432227
432241
432251
432277
432281
432287
432301
432317
432323
432337
432343
432349
432359
432373
432389
432391
432401
432413
432433
432437
432449
432457
432479
432491
432499
432503
432511
432527
432539
432557
432559
432569
432577
432587
432589
432613
432631
432637
432659
432661
432713
432721
432727
432737
432743
432749
432781
432793
432797
432799
432833
432847
432857
432869
432893
432907
432923
432931
432959
432961
432979
432983
432989
433003
433033
433049
433051
433061
433073
433079
433087
433093
433099
433117
433123
433141
433151
433187
433193
433201
433207
433229
433241
433249
433253
433259
433261
433267
433271
433291
433309
433319
433337
433351
433357
433361
433369
433373
433393
433399
433421
433429
433439
433453
433469
433471
433501
433507
433513
433549
433571
433577
433607
433627
433633
433639
433651
433661
433663
433673
433679
433681
433703
433723
433729
433747
433759
433777
433781
433787
433813
433817
433847
433859
433861
433877
433883
433889
433931
433943
433963
433967
433981
434009
434011
434029
434039
434081
434087
434107
434111
434113
434117
434141
434167
434179
434191
434201
434209
434221
434237
434243
434249
434261
434267
434293
434297
434303
434311
434323
434347
434353
434363
434377
434383
434387
434389
434407
434411
434431
434437
434459
434461
434471
434479
434501
434509
434521
434561
434563
434573
434593
434597
434611
434647
434659
434683
434689
434699
434717
434719
434743
434761
434783
434803
434807
434813
434821
434827
434831
434839
434849
434857
434867
434873
434881
434909
434921
434923
434927
434933
434939
434947
434957
434963
434977
434981
434989
435037
435041
435059
435103
435107
435109
435131
435139
435143
435151
435161
435179
435181
435187
435191
435221
435223
435247
435257
435263
435277
435283
435287
435307
435317
435343
435349
435359
435371
435397
435401
435403
435419
435427
435437
435439
435451
435481
435503
435529
435541
435553
435559
435563
435569
435571
435577
435583
435593
435619
435623
435637
435641
435647
435649
435653
435661
435679
435709
435731
435733
435739
435751
435763
435769
435779
435817
435839
435847
435857
435859
435881
435889
435893
435907
435913
435923
435947
435949
435973
435983
435997
436003
436013
436027
436061
436081
436087
436091
436097
436127
436147
436151
436157
436171
436181
436217
436231
436253
436273
436279
436283
436291
436307
436309
436313
436343
436357
436399
436417
436427
436439
436459
436463
436477
436481
436483
436507
436523
436529
436531
436547
436549
436571
436591
436607
436621
436627
436649
436651
436673
436687
436693
436717
436727
436729
436739
436741
436757
436801
436811
436819
436831
436841
436853
436871
436889
436913
436957
436963
436967
436973
436979
436993
436999
437011
437033
437071
437077
437083
437093
437111
437113
437137
437141
437149
437153
437159
437191
437201
437219
437237
437243
437263
437273
437279
437287
437293
437321
437351
437357
437363
437387
437389
437401
437413
437467
437471
437473
437497
437501
437509
437519
437527
437533
437539
437543
437557
437587
437629
437641
437651
437653
437677
437681
437687
437693
437719
437729
437743
437753
437771
437809
437819
437837
437849
437861
437867
437881
437909
437923
437947
437953
437959
437977
438001
438017
438029
438047
438049
438091
438131
438133
438143
438169
438203
438211
438223
438233
438241
438253
438259
438271
438281
438287
438301
438313
438329
438341
438377
438391
438401
438409
438419
438439
438443
438467
438479
438499
438517
438521
438523
438527
438533
438551
438569
438589
438601
438611
438623
438631
438637
438661
438667
438671
438701
438707
438721
438733
438761
438769
438793
438827
438829
438833
438847
438853
438869
438877
438887
438899
438913
438937
438941
438953
438961
438967
438979
438983
438989
439007
439009
439063
439081
439123
439133
439141
439157
439163
439171
439183
439199
439217
439253
439273
439279
439289
439303
439339
439349
439357
439367
439381
439409
439421
439427
439429
439441
439459
439463
439471
439493
439511
439519
439541
439559
439567
439573
439577
439583
439601
439613
439631
439639
439661
439667
439687
439693
439697
439709
439723
439729
439753
439759
439763
439771
439781
439787
439799
439811
439823
439849
439853
439861
439867
439883
439891
439903
439919
439949
439961
439969
439973
439981
439991
440009
440023
440039
440047
440087
440093
440101
440131
440159
440171
440177
440179
440183
440203
440207
440221
440227
440239
440261
440269
440281
440303
440311
440329
440333
440339
440347
440371
440383
440389
440393
440399
440431
440441
440443
440471
440497
440501
440507
440509
440527
440537
440543
440549
440551
440567
440569
440579
440581
440641
440651
440653
440669
440677
440681
440683
440711
440717
440723
440731
440753
440761
440773
440807
440809
440821
440831
440849
440863
440893
440903
440911
440939
440941
440953
440959
440983
440987
440989
441011
441029
441041
441043
441053
441073
441079
441101
441107
441109
441113
441121
441127
441157
441169
441179
441187
441191
441193
441229
441247
441251
441257
441263
441281
441307
441319
441349
441359
441361
441403
441421
441443
441449
441461
441479
441499
441517
441523
441527
441547
441557
441563
441569
441587
441607
441613
441619
441631
441647
441667
441697
441703
441713
441737
441751
441787
441797
441799
441811
441827
441829
441839
441841
441877
441887
441907
441913
441923
441937
441953
441971
442003
442007
442009
442019
442027
442031
442033
442061
442069
442097
442109
442121
442139
442147
442151
442157
442171
442177
442181
442193
442201
442207
442217
442229
442237
442243
442271
442283
442291
442319
442327
442333
442363
442367
442397
442399
442439
442447
442457
442469
442487
442489
442499
442501
442517
442531
442537
442571
442573
442577
442579
442601
442609
442619
442633
442691
442699
442703
442721
442733
442747
442753
442763
442769
442777
442781
442789
442807
442817
442823
442829
442831
442837
442843
442861
442879
442903
442919
442961
442963
442973
442979
442987
442991
442997
443011
443017
443039
443041
443057
443059
443063
443077
443089
443117
443123
443129
443147
443153
443159
443161
443167
443171
443189
443203
443221
443227
443231
443237
443243
443249
443263
443273
443281
443291
443293
443341
443347
443353
443363
443369
443389
443407
443413
443419
443423
443431
443437
443453
443467
443489
443501
443533
443543
443551
443561
443563
443567
443587
443591
443603
443609
443629
443659
443687
443689
443701
443711
443731
443749
443753
443759
443761
443771
443777
443791
443837
443851
443867
443869
443873
443879
443881
443893
443899
443909
443917
443939
443941
443953
443983
443987
443999
444001
444007
444029
444043
444047
444079
444089
444109
444113
444121
444127
444131
444151
444167
444173
444179
444181
444187
444209
444253
444271
444281
444287
444289
444293
444307
444341
444343
444347
444349
444401
444403
444421
444443
444449
444461
444463
444469
444473
444487
444517
444523
444527
444529
444539
444547
444553
444557
444569
444589
444607
444623
444637
444641
444649
444671
444677
444701
444713
444739
444767
444791
444793
444803
444811
444817
444833
444841
444859
444863
444869
444877
444883
444887
444893
444901
444929
444937
444953
444967
444971
444979
445001
445019
445021
445031
445033
445069
445087
445091
445097
445103
445141
445157
445169
445183
445187
445199
445229
445261
445271
445279
445283
445297
445307
445321
445339
445363
445427
445433
445447
445453
445463
445477
445499
445507
445537
445541
445567
445573
445583
445589
445597
445619
445631
445633
445649
445657
445691
445699
445703
445741
445747
445769
445771
445789
445799
445807
445829
445847
445853
445871
445877
445883
445891
445931
445937
445943
445967
445969
446003
446009
446041
446053
446081
446087
446111
446123
446129
446141
446179
446189
446191
446197
446221
446227
446231
446261
446263
446273
446279
446293
446309
446323
446333
446353
446363
446387
446389
446399
446401
446417
446441
446447
446461
446473
446477
446503
446533
446549
446561
446569
446597
446603
446609
446647
446657
446713
446717
446731
446753
446759
446767
446773
446819
446827
446839
446863
446881
446891
446893
446909
446911
446921
446933
446951
446969
446983
447001
447011
447019
447053
447067
447079
447101
447107
447119
447133
447137
447173
447179
447193
447197
447211
447217
447221
447233
447247
447257
447259
447263
447311
447319
447323
447331
447353
447401
447409
447427
447439
447443
447449
447451
447463
447467
447481
447509
447521
447527
447541
447569
447571
447611
447617
447637
447641
447677
447683
447701
447703
447743
447749
447757
447779
447791
447793
447817
447823
447827
447829
447841
447859
447877
447883
447893
447901
447907
447943
447961
447983
447991
448003
448013
448027
448031
448057
448067
448073
448093
448111
448121
448139
448141
448157
448159
448169
448177
448187
448193
448199
448207
448241
448249
448303
448309
448313
448321
448351
448363
448367
448373
448379
448387
448397
448421
448451
448519
448531
448561
448597
448607
448627
448631
448633
448667
448687
448697
448703
448727
448733
448741
448769
448793
448801
448807
448829
448843
448853
448859
448867
448871
448873
448879
448883
448907
448927
448939
448969
448993
448997
448999
449003
449011
449051
449077
449083
449093
449107
449117
449129
449131
449149
449153
449161
449171
449173
449201
449203
449209
449227
449243
449249
449261
449263
449269
449287
449299
449303
449311
449321
449333
449347
449353
449363
449381
449399
449411
449417
449419
449437
449441
449459
449473
449543
449549
449557
449563
449567
449569
449591
449609
449621
449629
449653
449663
449671
449677
449681
449689
449693
449699
449741
449759
449767
449773
449783
449797
449807
449821
449833
449851
449879
449921
449929
449941
449951
449959
449963
449971
449987
449989
450001
450011
450019
450029
450067
450071
450077
450083
450101
450103
450113
450127
450137
450161
450169
450193
450199
450209
450217
450223
450227
450239
450257
450259
450277
450287
450293
450299
450301
450311
450343
450349
450361
450367
450377
450383
450391
450403
450413
450421
450431
450451
450473
450479
450481
450487
450493
450503
450529
450533
450557
450563
450581
450587
450599
450601
450617
450641
450643
450649
450677
450691
450707
450719
450727
450761
450767
450787
450797
450799
450803
450809
450811
450817
450829
450839
450841
450847
450859
450881
450883
450887
450893
450899
450913
450917
450929
450943
450949
450971
450991
450997
451013
451039
451051
451057
451069
451093
451097
451103
451109
451159
451177
451181
451183
451201
451207
451249
451277
451279
451301
451303
451309
451313
451331
451337
451343
451361
451387
451397
451411
451439
451441
451481
451499
451519
451523
451541
451547
451553
451579
451601
451609
451621
451637
451657
451663
451667
451669
451679
451681
451691
451699
451709
451723
451747
451753
451771
451783
451793
451799
451823
451831
451837
451859
451873
451879
451897
451901
451903
451909
451921
451933
451937
451939
451961
451967
451987
452009
452017
452027
452033
452041
452077
452083
452087
452131
452159
452161
452171
452191
452201
452213
452227
452233
452239
452269
452279
452293
452297
452329
452363
452377
452393
452401
452443
452453
452497
452519
452521
452531
452533
452537
452539
452549
452579
452587
452597
452611
452629
452633
452671
452687
452689
452701
452731
452759
452773
452797
452807
452813
452821
452831
452857
452869
452873
452923
452953
452957
452983
452989
453023
453029
453053
453073
453107
453119
453133
453137
453143
453157
453161
453181
453197
453199
453209
453217
453227
453239
453247
453269
453289
453293
453301
453311
453317
453329
453347
453367
453371
453377
453379
453421
453451
453461
453527
453553
453559
453569
453571
453599
453601
453617
453631
453637
453641
453643
453659
453667
453671
453683
453703
453707
453709
453737
453757
453797
453799
453823
453833
453847
453851
453877
453889
453907
453913
453923
453931
453949
453961
453977
453983
453991
454009
454021
454031
454033
454039
454061
454063
454079
454109
454141
454151
454159
454183
454199
454211
454213
454219
454229
454231
454247
454253
454277
454297
454303
454313
454331
454351
454357
454361
454379
454387
454409
454417
454451
454453
454483
454501
454507
454513
454541
454543
454547
454577
454579
454603
454609
454627
454637
454673
454679
454709
454711
454721
454723
454759
454763
454777
454799
454823
454843
454847
454849
454859
454889
454891
454907
454919
454921
454931
454943
454967
454969
454973
454991
455003
455011
455033
455047
455053
455093
455099
455123
455149
455159
455167
455171
455177
455201
455219
455227
455233
455237
455261
455263
455269
455291
455309
455317
455321
455333
455339
455341
455353
455381
455393
455401
455407
455419
455431
455437
455443
455461
455471
455473
455479
455489
455491
455513
455527
455531
455537
455557
455573
455579
455597
455599
455603
455627
455647
455659
455681
455683
455687
455701
455711
455717
455737
455761
455783
455789
455809
455827
455831
455849
455863
455881
455899
455921
455933
455941
455953
455969
455977
455989
455993
455999
456007
456013
456023
456037
456047
456061
456091
456107
456109
456119
456149
456151
456167
456193
456223
456233
456241
456283
456293
456329
456349
456353
456367
456377
456403
456409
456427
456439
456451
456457
456461
456499
456503
456517
456523
456529
456539
456553
456557
456559
456571
456581
456587
456607
456611
456613
456623
456641
456647
456649
456653
456679
456683
456697
456727
456737
456763
456767
456769
456791
456809
456811
456821
456871
456877
456881
456899
456901
456923
456949
456959
456979
456991
457001
457003
457013
457021
457043
457049
457057
457087
457091
457097
457099
457117
457139
457151
457153
457183
457189
457201
457213
457229
457241
457253
457267
457271
457277
457279
457307
457319
457333
457339
457363
457367
457381
457393
457397
457399
457403
457411
457421
457433
457459
457469
457507
457511
457517
457547
457553
457559
457571
457607
457609
457621
457643
457651
457661
457669
457673
457679
457687
457697
457711
457739
457757
457789
457799
457813
457817
457829
457837
457871
457889
457903
457913
457943
457979
457981
457987
458009
458027
458039
458047
458053
458057
458063
458069
458119
458123
458173
458179
458189
458191
458197
458207
458219
458239
458309
458317
458323
458327
458333
458357
458363
458377
458399
458401
458407
458449
458477
458483
458501
458531
458533
458543
458567
458569
458573
458593
458599
458611
458621
458629
458639
458651
458663
458669
458683
458701
458719
458729
458747
458789
458791
458797
458807
458819
458849
458863
458879
458891
458897
458917
458921
458929
458947
458957
458959
458963
458971
458977
458981
458987
458993
459007
459013
459023
459029
459031
459037
459047
459089
459091
459113
459127
459167
459169
459181
459209
459223
459229
459233
459257
459271
459293
459301
459313
459317
459337
459341
459343
459353
459373
459377
459383
459397
459421
459427
459443
459463
459467
459469
459479
459509
459521
459523
459593
459607
459611
459619
459623
459631
459647
459649
459671
459677
459691
459703
459749
459763
459791
459803
459817
459829
459841
459847
459883
459913
459923
459929
459937
459961
460013
460039
460051
460063
460073
460079
460081
460087
460091
460099
460111
460127
460147
460157
460171
460181
460189
460211
460217
460231
460247
460267
460289
460297
460301
460337
460349
460373
460379
460387
460393
460403
460409
460417
460451
460463
460477
460531
460543
460561
460571
460589
460609
460619
460627
460633
460637
460643
460657
460673
460697
460709
460711
460721
460771
460777
460787
460793
460813
460829
460841
460843
460871
460891
460903
460907
460913
460919
460937
460949
460951
460969
460973
460979
460981
460987
460991
461009
461011
461017
461051
461053
461059
461093
461101
461119
461143
461147
461171
461183
461191
461207
461233
461239
461257
461269
461273
461297
461299
461309
461317
461323
461327
461333
461359
461381
461393
461407
461411
461413
461437
461441
461443
461467
461479
461507
461521
461561
461569
461581
461599
461603
461609
461627
461639
461653
461677
461687
461689
461693
461707
461717
461801
461803
461819
461843
461861
461887
461891
461917
461921
461933
461957
461971
461977
461983
462013
462041
462067
462073
462079
462097
462103
462109
462113
462131
462149
462181
462191
462199
462221
462239
462263
462271
462307
462311
462331
462337
462361
462373
462377
462401
462409
462419
462421
462437
462443
462467
462481
462491
462493
462499
462529
462541
462547
462557
462569
462571
462577
462589
462607
462629
462641
462643
462653
462659
462667
462673
462677
462697
462713
462719
462727
462733
462739
462773
462827
462841
462851
462863
462871
462881
462887
462899
462901
462911
462937
462947
462953
462983
463003
463031
463033
463093
463103
463157
463181
463189
463207
463213
463219
463231
463237
463247
463249
463261
463283
463291
463297
463303
463313
463319
463321
463339
463343
463363
463387
463399
463433
463447
463451
463453
463457
463459
463483
463501
463511
463513
463523
463531
463537
463549
463579
463613
463627
463633
463643
463649
463663
463679
463693
463711
463717
463741
463747
463753
463763
463781
463787
463807
463823
463829
463831
463849
463861
463867
463873
463889
463891
463907
463919
463921
463949
463963
463973
463987
463993
464003
464011
464021
464033
464047
464069
464081
464089
464119
464129
464131
464137
464141
464143
464171
464173
464197
464201
464213
464237
464251
464257
464263
464279
464281
464291
464309
464311
464327
464351
464371
464381
464383
464413
464419
464437
464447
464459
464467
464479
464483
464521
464537
464539
464549
464557
464561
464587
464591
464603
464617
464621
464647
464663
464687
464699
464741
464747
464749
464753
464767
464771
464773
464777
464801
464803
464809
464813
464819
464843
464857
464879
464897
464909
464917
464923
464927
464939
464941
464951
464953
464963
464983
464993
464999
465007
465011
465013
465019
465041
465061
465067
465071
465077
465079
465089
465107
465119
465133
465151
465161
465163
465167
465169
465173
465187
465209
465211
465259
465271
465277
465281
465293
465299
465317
465319
465331
465337
465373
465379
465383
465407
465419
465433
465463
465469
465523
465529
465541
465551
465581
465587
465611
465631
465643
465649
465659
465679
465701
465721
465739
465743
465761
465781
465797
465799
465809
465821
465833
465841
465887
465893
465901
465917
465929
465931
465947
465977
465989
466009
466019
466027
466033
466043
466061
466069
466073
466079
466087
466091
466121
466139
466153
466171
466181
466183
466201
466243
466247
466261
466267
466273
466283
466303
466321
466331
466339
466357
466369
466373
466409
466423
466441
466451
466483
466517
466537
466547
466553
466561
466567
466573
466579
466603
466619
466637
466649
466651
466673
466717
466723
466729
466733
466747
466751
466777
466787
466801
466819
466853
466859
466897
466909
466913
466919
466951
466957
466997
467003
467009
467017
467021
467063
467081
467083
467101
467119
467123
467141
467147
467171
467183
467197
467209
467213
467237
467239
467261
467293
467297
467317
467329
467333
467353
467371
467399
467417
467431
467437
467447
467471
467473
467477
467479
467491
467497
467503
467507
467527
467531
467543
467549
467557
467587
467591
467611
467617
467627
467629
467633
467641
467651
467657
467669
467671
467681
467689
467699
467713
467729
467737
467743
467749
467773
467783
467813
467827
467833
467867
467869
467879
467881
467893
467897
467899
467903
467927
467941
467953
467963
467977
468001
468011
468019
468029
468049
468059
468067
468071
468079
468107
468109
468113
468121
468133
468137
468151
468157
468173
468187
468191
468199
468239
468241
468253
468271
468277
468289
468319
468323
468353
468359
468371
468389
468421
468439
468451
468463
468473
468491
468493
468499
468509
468527
468551
468557
468577
468581
468593
468599
468613
468619
468623
468641
468647
468653
468661
468667
468683
468691
468697
468703
468709
468719
468737
468739
468761
468773
468781
468803
468817
468821
468841
468851
468859
468869
468883
468887
468889
468893
468899
468913
468953
468967
468973
468983
469009
469031
469037
469069
469099
469121
469127
469141
469153
469169
469193
469207
469219
469229
469237
469241
469253
469267
469279
469283
469303
469321
469331
469351
469363
469367
469369
469379
469397
469411
469429
469439
469457
469487
469501
469529
469541
469543
469561
469583
469589
469613
469627
469631
469649
469657
469673
469687
469691
469717
469723
469747
469753
469757
469769
469787
469793
469801
469811
469823
469841
469849
469877
469879
469891
469907
469919
469939
469957
469969
469979
469993
470021
470039
470059
470077
470081
470083
470087
470089
470131
470149
470153
470161
470167
470179
470201
470207
470209
470213
470219
470227
470243
470251
470263
470279
470297
470299
470303
470317
470333
470347
470359
470389
470399
470411
470413
470417
470429
470443
470447
470453
470461
470471
470473
470489
470501
470513
470521
470531
470539
470551
470579
470593
470597
470599
470609
470621
470627
470647
470651
470653
470663
470669
470689
470711
470719
470731
470749
470779
470783
470791
470819
470831
470837
470863
470867
470881
470887
470891
470903
470927
470933
470941
470947
470957
470959
470993
470999
471007
471041
471061
471073
471089
471091
471101
471137
471139
471161
471173
471179
471187
471193
471209
471217
471241
471253
471259
471277
471281
471283
471299
471301
471313
471353
471389
471391
471403
471407
471439
471451
471467
471481
471487
471503
471509
471521
471533
471539
471553
471571
471589
471593
471607
471617
471619
471641
471649
471659
471671
471673
471677
471683
471697
471703
471719
471721
471749
471769
471781
471791
471803
471817
471841
471847
471853
471871
471893
471901
471907
471923
471929
471931
471943
471949
471959
471997
472019
472027
472051
472057
472063
472067
472103
472111
472123
472127
472133
472139
472151
472159
472163
472189
472193
472247
472249
472253
472261
472273
472289
472301
472309
472319
472331
472333
472349
472369
472391
472393
472399
472411
472421
472457
472469
472477
472523
472541
472543
472559
472561
472573
472597
472631
472639
472643
472669
472687
472691
472697
472709
472711
472721
472741
472751
472763
472793
472799
472817
472831
472837
472847
472859
472883
472907
472909
472921
472937
472939
472963
472993
473009
473021
473027
473089
473101
473117
473141
473147
473159
473167
473173
473191
473197
473201
473203
473219
473227
473257
473279
473287
473293
473311
473321
473327
473351
473353
473377
473381
473383
473411
473419
473441
473443
473453
473471
473477
473479
473497
473503
473507
473513
473519
473527
473531
473533
473549
473579
473597
473611
473617
473633
473647
473659
473719
473723
473729
473741
473743
473761
473789
473833
473839
473857
473861
473867
473887
473899
473911
473923
473927
473929
473939
473951
473953
473971
473981
473987
473999
474017
474029
474037
474043
474049
474059
474073
474077
474101
474119
474127
474137
474143
474151
474163
474169
474197
474211
474223
474241
474263
474289
474307
474311
474319
474337
474343
474347
474359
474379
474389
474391
474413
474433
474437
474443
474479
474491
474497
474499
474503
474533
474541
474547
474557
474569
474571
474581
474583
474619
474629
474647
474659
474667
474671
474707
474709
474737
474751
474757
474769
474779
474787
474809
474811
474839
474847
474857
474899
474907
474911
474917
474923
474931
474937
474941
474949
474959
474977
474983
475037
475051
475073
475081
475091
475093
475103
475109
475141
475147
475151
475159
475169
475207
475219
475229
475243
475271
475273
475283
475289
475297
475301
475327
475331
475333
475351
475367
475369
475379
475381
475403
475417
475421
475427
475429
475441
475457
475469
475483
475511
475523
475529
475549
475583
475597
475613
475619
475621
475637
475639
475649
475669
475679
475681
475691
475693
475697
475721
475729
475751
475753
475759
475763
475777
475789
475793
475807
475823
475831
475837
475841
475859
475877
475879
475889
475897
475903
475907
475921
475927
475933
475957
475973
475991
475997
476009
476023
476027
476029
476039
476041
476059
476081
476087
476089
476101
476107
476111
476137
476143
476167
476183
476219
476233
476237
476243
476249
476279
476299
476317
476347
476351
476363
476369
476381
476401
476407
476419
476423
476429
476467
476477
476479
476507
476513
476519
476579
476587
476591
476599
476603
476611
476633
476639
476647
476659
476681
476683
476701
476713
476719
476737
476743
476753
476759
476783
476803
476831
476849
476851
476863
476869
476887
476891
476911
476921
476929
476977
476981
476989
477011
477013
477017
477019
477031
477047
477073
477077
477091
477131
477149
477163
477209
477221
477229
477259
477277
477293
477313
477317
477329
477341
477359
477361
477383
477409
477439
477461
477469
477497
477511
477517
477523
477539
477551
477553
477557
477571
477577
477593
477619
477623
477637
477671
477677
477721
477727
477731
477739
477767
477769
477791
477797
477809
477811
477821
477823
477839
477847
477857
477863
477881
477899
477913
477941
477947
477973
477977
477991
478001
478039
478063
478067
478069
478087
478099
478111
478129
478139
478157
478169
478171
478189
478199
478207
478213
478241
478243
478253
478259
478271
478273
478321
478339
478343
478351
478391
478399
478403
478411
478417
478421
478427
478433
478441
478451
478453
478459
478481
478483
478493
478523
478531
478571
478573
478579
478589
478603
478627
478631
478637
478651
478679
478697
478711
478727
478729
478739
478741
478747
478763
478769
478787
478801
478811
478813
478823
478831
478843
478853
478861
478871
478879
478897
478901
478913
478927
478931
478937
478943
478963
478967
478991
478999
479023
479027
479029
479041
479081
479131
479137
479147
479153
479189
479191
479201
479209
479221
479231
479239
479243
479263
479267
479287
479299
479309
479317
479327
479357
479371
479377
479387
479419
479429
479431
479441
479461
479473
479489
479497
479509
479513
479533
479543
479561
479569
479581
479593
479599
479623
479629
479639
479701
479749
479753
479761
479771
479777
479783
479797
479813
479821
479833
479839
479861
479879
479881
479891
479903
479909
479939
479951
479953
479957
479971
480013
480017
480019
480023
480043
480047
480049
480059
480061
480071
480091
480101
480107
480113
480133
480143
480157
480167
480169
480203
480209
480287
480299
480317
480329
480341
480343
480349
480367
480373
480379
480383
480391
480409
480419
480427
480449
480451
480461
480463
480499
480503
480509
480517
480521
480527
480533
480541
480553
480563
480569
480583
480587
480647
480661
480707
480713
480731
480737
480749
480761
480773
480787
480803
480827
480839
480853
480881
480911
480919
480929
480937
480941
480959
480967
480979
480989
481001
481003
481009
481021
481043
481051
481067
481073
481087
481093
481097
481109
481123
481133
481141
481147
481153
481157
481171
481177
481181
481199
481207
481211
481231
481249
481297
481301
481303
481307
481343
481363
481373
481379
481387
481409
481417
481433
481447
481469
481489
481501
481513
481531
481549
481571
481577
481589
481619
481633
481639
481651
481667
481673
481681
481693
481697
481699
481721
481751
481753
481769
481787
481801
481807
481813
481837
481843
481847
481849
481861
481867
481879
481883
481909
481939
481963
481997
482017
482021
482029
482033
482039
482051
482071
482093
482099
482101
482117
482123
482179
482189
482203
482213
482227
482231
482233
482243
482263
482281
482309
482323
482347
482351
482359
482371
482387
482393
482399
482401
482407
482413
482423
482437
482441
482483
482501
482507
482509
482513
482519
482527
482539
482569
482593
482597
482621
482627
482633
482641
482659
482663
482683
482687
482689
482707
482711
482717
482719
482731
482743
482753
482759
482767
482773
482789
482803
482819
482827
482837
482861
482863
482873
482897
482899
482917
482941
482947
482957
482971
483017
483031
483061
483071
483097
483127
483139
483163
483167
483179
483209
483211
483221
483229
483233
483239
483247
483251
483281
483289
483317
483323
483337
483347
483367
483377
483389
483397
483407
483409
483433
483443
483467
483481
483491
483499
483503
483523
483541
483551
483557
483563
483577
483611
483619
483629
483643
483649
483671
483697
483709
483719
483727
483733
483751
483757
483761
483767
483773
483787
483809
483811
483827
483829
483839
483853
483863
483869
483883
483907
483929
483937
483953
483971
483991
484019
484027
484037
484061
484067
484079
484091
484111
484117
484123
484129
484151
484153
484171
484181
484193
484201
484207
484229
484243
484259
484283
484301
484303
484327
484339
484361
484369
484373
484397
484411
484417
484439
484447
484457
484459
484487
484489
484493
484531
484543
484577
484597
484607
484609
484613
484621
484639
484643
484691
484703
484727
484733
484751
484763
484769
484777
484787
484829
484853
484867
484927
484951
484987
484999
485021
485029
485041
485053
485059
485063
485081
485101
485113
485123
485131
485137
485161
485167
485171
485201
485207
485209
485263
485311
485347
485351
485363
485371
485383
485389
485411
485417
485423
485437
485447
485479
485497
485509
485519
485543
485567
485587
485593
485603
485609
485647
485657
485671
485689
485701
485717
485729
485731
485753
485777
485819
485827
485831
485833
485893
485899
485909
485923
485941
485959
485977
485993
486023
486037
486041
486043
486053
486061
486071
486091
486103
486119
486133
486139
486163
486179
486181
486193
486203
486221
486223
486247
486281
486293
486307
486313
486323
486329
486331
486341
486349
486377
486379
486389
486391
486397
486407
486433
486443
486449
486481
486491
486503
486509
486511
486527
486539
486559
486569
486583
486589
486601
486617
486637
486641
486643
486653
486667
486671
486677
486679
486683
486697
486713
486721
486757
486767
486769
486781
486797
486817
486821
486833
486839
486869
486907
486923
486929
486943
486947
486949
486971
486977
486991
487007
487013
487021
487049
487051
487057
487073
487079
487093
487099
487111
487133
487177
487183
487187
487211
487213
487219
487247
487261
487283
487303
487307
487313
487349
487363
487381
487387
487391
487397
487423
487427
487429
487447
487457
487463
487469
487471
487477
487481
487489
487507
487561
487589
487601
487603
487607
487637
487649
487651
487657
487681
487691
487703
487709
487717
487727
487733
487741
487757
487769
487783
487789
487793
487811
487819
487829
487831
487843
487873
487889
487891
487897
487933
487943
487973
487979
487997
488003
488009
488011
488021
488051
488057
488069
488119
488143
488149
488153
488161
488171
488197
488203
488207
488209
488227
488231
488233
488239
488249
488261
488263
488287
488303
488309
488311
488317
488321
488329
488333
488339
488347
488353
488381
488399
488401
488407
488417
488419
488441
488459
488473
488503
488513
488539
488567
488573
488603
488611
488617
488627
488633
488639
488641
488651
488687
488689
488701
488711
488717
488723
488729
488743
488749
488759
488779
488791
488797
488821
488827
488833
488861
488879
488893
488897
488909
488921
488947
488959
488981
488993
489001
489011
489019
489043
489053
489061
489101
489109
489113
489127
489133
489157
489161
489179
489191
489197
489217
489239
489241
489257
489263
489283
489299
489329
489337
489343
489361
489367
489389
489407
489409
489427
489431
489439
489449
489457
489479
489487
489493
489529
489539
489551
489553
489557
489571
489613
489631
489653
489659
489673
489677
489679
489689
489691
489733
489743
489761
489791
489793
489799
489803
489817
489823
489833
489847
489851
489869
489871
489887
489901
489911
489913
489941
489943
489959
489961
489977
489989
490001
490003
490019
490031
490033
490057
490097
490103
490111
490117
490121
490151
490159
490169
490183
490201
490207
490223
490241
490247
490249
490267
490271
490277
490283
490309
490313
490339
490367
490393
490417
490421
490453
490459
490463
490481
490493
490499
490519
490537
490541
490543
490549
490559
490571
490573
490577
490579
490591
490619
490627
490631
490643
490661
490663
490697
490733
490741
490769
490771
490783
490829
490837
490849
490859
490877
490891
490913
490921
490927
490937
490949
490951
490957
490967
490969
490991
490993
491003
491039
491041
491059
491081
491083
491129
491137
491149
491159
491167
491171
491201
491213
491219
491251
491261
491273
491279
491297
491299
491327
491329
491333
491339
491341
491353
491357
491371
491377
491417
491423
491429
491461
491483
491489
491497
491501
491503
491527
491531
491537
491539
491581
491591
491593
491611
491627
491633
491639
491651
491653
491669
491677
491707
491719
491731
491737
491747
491773
491783
491789
491797
491819
491833
491837
491851
491857
491867
491873
491899
491923
491951
491969
491977
491983
492007
492013
492017
492029
492047
492053
492059
492061
492067
492077
492083
492103
492113
492227
492251
492253
492257
492281
492293
492299
492319
492377
492389
492397
492403
492409
492413
492421
492431
492463
492467
492487
492491
492511
492523
492551
492563
492587
492601
492617
492619
492629
492631
492641
492647
492659
492671
492673
492707
492719
492721
492731
492757
492761
492763
492769
492781
492799
492839
492853
492871
492883
492893
492901
492911
492967
492979
493001
493013
493021
493027
493043
493049
493067
493093
493109
493111
493121
493123
493127
493133
493139
493147
493159
493169
493177
493193
493201
493211
493217
493219
493231
493243
493249
493277
493279
493291
493301
493313
493333
493351
493369
493393
493397
493399
493403
493433
493447
493457
493463
493481
493523
493531
493541
493567
493573
493579
493583
493607
493621
493627
493643
493657
493693
493709
493711
493721
493729
493733
493747
493777
493793
493807
493811
493813
493817
493853
493859
493873
493877
493897
493919
493931
493937
493939
493967
493973
493979
493993
494023
494029
494041
494051
494069
494077
494083
494093
494101
494107
494129
494141
494147
494167
494191
494213
494237
494251
494257
494267
494269
494281
494287
494317
494327
494341
494353
494359
494369
494381
494383
494387
494407
494413
494441
494443
494471
494497
494519
494521
494539
494561
494563
494567
494587
494591
494609
494617
494621
494639
494647
494651
494671
494677
494687
494693
494699
494713
494719
494723
494731
494737
494743
494749
494759
494761
494783
494789
494803
494843
494849
494873
494899
494903
494917
494927
494933
494939
494959
494987
495017
495037
495041
495043
495067
495071
495109
495113
495119
495133
495139
495149
495151
495161
495181
495199
495211
495221
495241
495269
495277
495289
495301
495307
495323
495337
495343
495347
495359
495361
495371
495377
495389
495401
495413
495421
495433
495437
495449
495457
495461
495491
495511
495527
495557
495559
495563
495569
495571
495587
495589
495611
495613
495617
495619
495629
495637
495647
495667
495679
495701
495707
495713
495749
495751
495757
495769
495773
495787
495791
495797
495799
495821
495827
495829
495851
495877
495893
495899
495923
495931
495947
495953
495959
495967
495973
495983
496007
496019
496039
496051
496063
496073
496079
496123
496127
496163
496187
496193
496211
496229
496231
496259
496283
496289
496291
496297
496303
496313
496333
496339
496343
496381
496399
496427
496439
496453
496459
496471
496477
496481
496487
496493
496499
496511
496549
496579
496583
496609
496631
496669
496681
496687
496703
496711
496733
496747
496763
496789
496813
496817
496841
496849
496871
496877
496889
496891
496897
496901
496913
496919
496949
496963
496997
496999
497011
497017
497041
497047
497051
497069
497093
497111
497113
497117
497137
497141
497153
497171
497177
497197
497239
497257
497261
497269
497279
497281
497291
497297
497303
497309
497323
497339
497351
497389
497411
497417
497423
497449
497461
497473
497479
497491
497501
497507
497509
497521
497537
497551
497557
497561
497579
497587
497597
497603
497633
497659
497663
497671
497677
497689
497701
497711
497719
497729
497737
497741
497771
497773
497801
497813
497831
497839
497851
497867
497869
497873
497899
497929
497957
497963
497969
497977
497989
497993
497999
498013
498053
498061
498073
498089
498101
498103
498119
498143
498163
498167
498181
498209
498227
498257
498259
498271
498301
498331
498343
498361
498367
498391
498397
498401
498403
498409
498439
498461
498467
498469
498493
498497
498521
498523
498527
498551
498557
498577
498583
498599
498611
498613
498643
498647
498653
498679
498689
498691
498733
498739
498749
498761
498767
498779
498781
498787
498791
498803
498833
498857
498859
498881
498907
498923
498931
498937
498947
498961
498973
498977
498989
499021
499027
499033
499039
499063
499067
499099
499117
499127
499129
499133
499139
499141
499151
499157
499159
499181
499183
499189
499211
499229
499253
499267
499277
499283
499309
499321
499327
499349
499361
499363
499391
499397
499403
499423
499439
499459
499481
499483
499493
499507
499519
499523
499549
499559
499571
499591
499601
499607
499621
499633
499637
499649
499661
499663
499669
499673
499679
499687
499691
499693
499711
499717
499729
499739
499747
499781
499787
499801
499819
499853
499879
499883
499897
499903
499927
499943
499957
499969
499973
499979
