100003
100019
100043
100049
100057
100069
100103
100109
100129
100151
100153
100169
100183
100189
100193
100207
100213
100237
100267
100271
100279
100291
100297
100313
100333
100343
100357
100361
100363
100379
100391
100393
100403
100411
100417
100447
100459
100469
100483
100493
100501
100511
100517
100519
100523
100537
100547
100549
100559
100591
100609
100613
100621
100649
100669
100673
100693
100699
100703
100733
100741
100747
100769
100787
100799
100801
100811
100823
100829
100847
100853
100907
100913
100927
100931
100937
100943
100957
100981
100987
100999
101009
101021
101027
101051
101063
101081
101089
101107
101111
101113
101117
101119
101141
101149
101159
101161
101173
101183
101197
101203
101207
101209
101221
101267
101273
101279
101281
101287
101293
101323
101333
101341
101347
101359
101363
101377
101383
101399
101411
101419
101429
101449
101467
101477
101483
101489
101501
101503
101513
101527
101531
101533
101537
101561
101573
101581
101599
101603
101611
101627
101641
101653
101663
101681
101693
101701
101719
101723
101737
101741
101747
101749
101771
101789
101797
101807
101833
101837
101839
101863
101869
101873
101879
101891
101917
101921
101929
101939
101957
101963
101977
101987
101999
102001
102013
102019
102023
102031
102043
102059
102061
102071
102077
102079
102101
102103
102107
102121
102139
102149
102161
102181
102191
102197
102199
102203
102217
102229
102233
102241
102251
102253
102259
102293
102299
102301
102317
102329
102337
102359
102367
102397
102407
102409
102433
102437
102451
102461
102481
102497
102499
102503
102523
102533
102539
102547
102551
102559
102563
102587
102593
102607
102611
102643
102647
102653
102667
102673
102677
102679
102701
102761
102763
102769
102793
102797
102811
102829
102841
102859
102871
102877
102881
102911
102913
102929
102931
102953
102967
102983
103001
103007
103043
103049
103067
103069
103079
103087
103091
103093
103099
103123
103141
103171
103177
103183
103217
103231
103237
103289
103291
103307
103319
103333
103349
103357
103387
103391
103393
103399
103409
103421
103423
103451
103457
103471
103483
103511
103529
103549
103553
103561
103567
103573
103577
103583
103591
103613
103619
103643
103651
103657
103669
103681
103687
103699
103703
103723
103769
103787
103801
103811
103813
103837
103841
103843
103867
103889
103903
103913
103919
103951
103963
103967
103969
103979
103981
103991
103993
103997
104003
104009
104021
104033
104047
104053
104059
104087
104089
104107
104113
104119
104123
104147
104149
104161
104173
104179
104183
104207
104231
104233
104239
104243
104281
104287
104297
104309
104311
104323
104327
104347
104369
104381
104383
104393
104399
104417
104459
104471
104473
104479
104491
104513
104527
104537
104543
104549
104551
104561
104579
104593
104597
104623
104639
104651
104659
104677
104681
104683
104693
104701
104707
104711
104717
104723
104729
104743
104759
104761
104773
104779
104789
104801
104803
104827
104831
104849
104851
104869
104879
104891
104911
104917
104933
104947
104953
104959
104971
104987
104999
105019
105023
105031
105037
105071
105097
105107
105137
105143
105167
105173
105199
105211
105227
105229
105239
105251
105253
105263
105269
105277
105319
105323
105331
105337
105341
105359
105361
105367
105373
105379
105389
105397
105401
105407
105437
105449
105467
105491
105499
105503
105509
105517
105527
105529
105533
105541
105557
105563
105601
105607
105613
105619
105649
105653
105667
105673
105683
105691
105701
105727
105733
105751
105761
105767
105769
105817
105829
105863
105871
105883
105899
105907
105913
105929
105943
105953
105967
105971
105977
105983
105997
106013
106019
106031
106033
106087
106103
106109
106121
106123
106129
106163
106181
106187
106189
106207
106213
106217
106219
106243
106261
106273
106277
106279
106291
106297
106303
106307
106319
106321
106331
106349
106357
106363
106367
106373
106391
106397
106411
106417
106427
106433
106441
106451
106453
106487
106501
106531
106537
106541
106543
106591
106619
106621
106627
106637
106649
106657
106661
106663
106669
106681
106693
106699
106703
106721
106727
106739
106747
106751
106753
106759
106781
106783
106787
106801
106823
106853
106859
106861
106867
106871
106877
106903
106907
106921
106937
106949
106957
106961
106963
106979
106993
107021
107033
107053
107057
107069
107071
107077
107089
107099
107101
107119
107123
107137
107171
107183
107197
107201
107209
107227
107243
107251
107269
107273
107279
107309
107323
107339
107347
107351
107357
107377
107441
107449
107453
107467
107473
107507
107509
107563
107581
107599
107603
107609
107621
107641
107647
107671
107687
107693
107699
107713
107717
107719
107741
107747
107761
107773
107777
107791
107827
107837
107839
107843
107857
107867
107873
107881
107897
107903
107923
107927
107941
107951
107971
107981
107999
108007
108011
108013
108023
108037
108041
108061
108079
108089
108107
108109
108127
108131
108139
108161
108179
108187
108191
108193
108203
108211
108217
108223
108233
108247
108263
108271
108287
108289
108293
108301
108343
108347
108359
108377
108379
108401
108413
108421
108439
108457
108461
108463
108497
108499
108503
108517
108529
108533
108541
108553
108557
108571
108587
108631
108637
108643
108649
108677
108707
108709
108727
108739
108751
108761
108769
108791
108793
108799
108803
108821
108827
108863
108869
108877
108881
108883
108887
108893
108907
108917
108923
108929
108943
108947
108949
108959
108961
108967
108971
108991
109001
109013
109037
109049
109063
109073
109097
109103
109111
109121
109133
109139
109141
109147
109159
109169
109171
109199
109201
109211
109229
109253
109267
109279
109297
109303
109313
109321
109331
109357
109363
109367
109379
109387
109391
109397
109423
109433
109441
109451
109453
109469
109471
109481
109507
109517
109519
109537
109541
109547
109567
109579
109583
109589
109597
109609
109619
109621
109639
109661
109663
109673
109717
109721
109741
109751
109789
109793
109807
109819
109829
109831
109841
109843
109847
109849
109859
109873
109883
109891
109897
109903
109913
109919
109937
109943
109961
109987
110017
110023
110039
110051
110059
110063
110069
110083
110119
110129
110161
110183
110221
110233
110237
110251
110261
110269
110273
110281
110291
110311
110321
110323
110339
110359
110419
110431
110437
110441
110459
110477
110479
110491
110501
110503
110527
110533
110543
110557
110563
110567
110569
110573
110581
110587
110597
110603
110609
110623
110629
110641
110647
110651
110681
110711
110729
110731
110749
110753
110771
110777
110807
110813
110819
110821
110849
110863
110879
110881
110899
110909
110917
110921
110923
110927
110933
110939
110947
110951
110969
110977
110989
111029
111031
111043
111049
111053
111091
111103
111109
111119
111121
111127
111143
111149
111187
111191
111211
111217
111227
111229
111253
111263
111269
111271
111301
111317
111323
111337
111341
111347
111373
111409
111427
111431
111439
111443
111467
111487
111491
111493
111497
111509
111521
111533
111539
111577
111581
111593
111599
111611
111623
111637
111641
111653
111659
111667
111697
111721
111731
111733
111751
111767
111773
111779
111781
111791
111799
111821
111827
111829
111833
111847
111857
111863
111869
111871
111893
111913
111919
111949
111953
111959
111973
111977
111997
112019
112031
112061
112067
112069
112087
112097
112103
112111
112121
112129
112139
112153
112163
112181
112199
112207
112213
112223
112237
112241
112247
112249
112253
112261
112279
112289
112291
112297
112303
112327
112331
112337
112339
112349
112361
112363
112397
112403
112429
112459
112481
112501
112507
112543
112559
112571
112573
112577
112583
112589
112601
112603
112621
112643
112657
112663
112687
112691
112741
112757
112759
112771
112787
112799
112807
112831
112843
112859
112877
112901
112909
112913
112919
112921
112927
112939
112951
112967
112979
112997
113011
113017
113021
113023
113027
113039
113041
113051
113063
113081
113083
113089
113093
113111
113117
113123
113131
113143
113147
113149
113153
113159
113161
113167
113171
113173
113177
113189
113209
113213
113227
113233
113279
113287
113327
113329
113341
113357
113359
113363
113371
113381
113383
113417
113437
113453
113467
113489
113497
113501
113513
113537
113539
113557
113567
113591
113621
113623
113647
113657
113683
113717
113719
113723
113731
113749
113759
113761
113777
113779
113783
113797
113809
113819
113837
113843
113891
113899
113903
113909
113921
113933
113947
113957
113963
113969
113983
113989
114001
114013
114031
114041
114043
114067
114073
114077
114083
114089
114113
114143
114157
114161
114167
114193
114197
114199
114203
114217
114221
114229
114259
114269
114277
114281
114299
114311
114319
114329
114343
114371
114377
114407
114419
114451
114467
114473
114479
114487
114493
114547
114553
114571
114577
114593
114599
114601
114613
114617
114641
114643
114649
114659
114661
114671
114679
114689
114691
114713
114743
114749
114757
114761
114769
114773
114781
114797
114799
114809
114827
114833
114847
114859
114883
114889
114901
114913
114941
114967
114973
114997
115001
115013
115019
115021
115057
115061
115067
115079
115099
115117
115123
115127
115133
115151
115153
115163
115183
115201
115211
115223
115237
115249
115259
115279
115301
115303
115309
115319
115321
115327
115331
115337
115343
115361
115363
115399
115421
115429
115459
115469
115471
115499
115513
115523
115547
115553
115561
115571
115589
115597
115601
115603
115613
115631
115637
115657
115663
115679
115693
115727
115733
115741
115751
115757
115763
115769
115771
115777
115781
115783
115793
115807
115811
115823
115831
115837
115849
115853
115859
115861
115873
115877
115879
115883
115891
115901
115903
115931
115933
115963
115979
115981
115987
116009
116027
116041
116047
116089
116099
116101
116107
116113
116131
116141
116159
116167
116177
116189
116191
116201
116239
116243
116257
116269
116273
116279
116293
116329
116341
116351
116359
116371
116381
116387
116411
116423
116437
116443
116447
116461
116471
116483
116491
116507
116531
116533
116537
116539
116549
116579
116593
116639
116657
116663
116681
116687
116689
116707
116719
116731
116741
116747
116789
116791
116797
116803
116819
116827
116833
116849
116867
116881
116903
116911
116923
116927
116929
116933
116953
116959
116969
116981
116989
116993
117017
117023
117037
117041
117043
117053
117071
117101
117109
117119
117127
117133
117163
117167
117191
117193
117203
117209
117223
117239
117241
117251
117259
117269
117281
117307
117319
117329
117331
117353
117361
117371
117373
117389
117413
117427
117431
117437
117443
117497
117499
117503
117511
117517
117529
117539
117541
117563
117571
117577
117617
117619
117643
117659
117671
117673
117679
117701
117703
117709
117721
117727
117731
117751
117757
117763
117773
117779
117787
117797
117809
117811
117833
117839
117841
117851
117877
117881
117883
117889
117899
117911
117917
117937
117959
117973
117977
117979
117989
117991
118033
118037
118043
118051
118057
118061
118081
118093
118127
118147
118163
118169
118171
118189
118211
118213
118219
118247
118249
118253
118259
118273
118277
118297
118343
118361
118369
118373
118387
118399
118409
118411
118423
118429
118453
118457
118463
118471
118493
118529
118543
118549
118571
118583
118589
118603
118619
118621
118633
118661
118669
118673
118681
118687
118691
118709
118717
118739
118747
118751
118757
118787
118799
118801
118819
118831
118843
118861
118873
118891
118897
118901
118903
118907
118913
118927
118931
118967
118973
119027
119033
119039
119047
119057
119069
119083
119087
119089
119099
119101
119107
119129
119131
119159
119173
119179
119183
119191
119227
119233
119237
119243
119267
119291
119293
119297
119299
119311
119321
119359
119363
119389
119417
119419
119429
119447
119489
119503
119513
119533
119549
119551
119557
119563
119569
119591
119611
119617
119627
119633
119653
119657
119659
119671
119677
119687
119689
119699
119701
119723
119737
119747
119759
119771
119773
119783
119797
119809
119813
119827
119831
119839
119849
119851
119869
119881
119891
119921
119923
119929
119953
119963
119971
119981
119983
119993
120011
120017
120041
120047
120049
120067
120077
120079
120091
120097
120103
120121
120157
120163
120167
120181
120193
120199
120209
120223
120233
120247
120277
120283
120293
120299
120319
120331
120349
120371
120383
120391
120397
120401
120413
120427
120431
120473
120503
120511
120539
120551
120557
120563
120569
120577
120587
120607
120619
120623
120641
120647
120661
120671
120677
120689
120691
120709
120713
120721
120737
120739
120749
120763
120767
120779
120811
120817
120823
120829
120833
120847
120851
120863
120871
120877
120889
120899
120907
120917
120919
120929
120937
120941
120943
120947
120977
120997
121001
121007
121013
121019
121021
121039
121061
121063
121067
121081
121123
121139
121151
121157
121169
121171
121181
121189
121229
121259
121267
121271
121283
121291
121309
121313
121321
121327
121333
121343
121349
121351
121357
121367
121369
121379
121403
121421
121439
121441
121447
121453
121469
121487
121493
121501
121507
121523
121531
121547
121553
121559
121571
121577
121579
121591
121607
121609
121621
121631
121633
121637
121661
121687
121697
121711
121721
121727
121763
121787
121789
121843
121853
121867
121883
121889
121909
121921
121931
121937
121949
121951
121963
121967
121993
121997
122011
122021
122027
122029
122033
122039
122041
122051
122053
122069
122081
122099
122117
122131
122147
122149
122167
122173
122201
122203
122207
122209
122219
122231
122251
122263
122267
122273
122279
122299
122321
122323
122327
122347
122363
122387
122389
122393
122399
122401
122443
122449
122453
122471
122477
122489
122497
122501
122503
122509
122527
122533
122557
122561
122579
122597
122599
122609
122611
122651
122653
122663
122693
122701
122719
122741
122743
122753
122761
122777
122789
122819
122827
122833
122839
122849
122861
122867
122869
122887
122891
122921
122929
122939
122953
122957
122963
122971
123001
123007
123017
123031
123049
123059
123077
123083
123091
123113
123121
123127
123143
123169
123191
123203
123209
123217
123229
123239
123259
123269
123289
123307
123311
123323
123341
123373
123377
123379
123397
123401
123407
123419
123427
123433
123439
123449
123457
123479
123491
123493
123499
123503
123517
123527
123547
123551
123553
123581
123583
123593
123601
123619
123631
123637
123653
123661
123667
123677
123701
123707
123719
123727
123731
123733
123737
123757
123787
123791
123803
123817
123821
123829
123833
123853
123863
123887
123911
123923
123931
123941
123953
123973
123979
123983
123989
123997
124001
124021
124067
124087
124097
124121
124123
124133
124139
124147
124153
124171
124181
124183
124193
124199
124213
124231
124247
124249
124277
124291
124297
124301
124303
124309
124337
124339
124343
124349
124351
124363
124367
124427
124429
124433
124447
124459
124471
124477
124489
124493
124513
124529
124541
124543
124561
124567
124577
124601
124633
124643
124669
124673
124679
124693
124699
124703
124717
124721
124739
124753
124759
124769
124771
124777
124781
124783
124793
124799
124819
124823
124847
124853
124897
124907
124909
124919
124951
124979
124981
124987
124991
125003
125017
125029
125053
125063
125093
125101
125107
125113
125117
125119
125131
125141
125149
125183
125197
125201
125207
125219
125221
125231
125243
125261
125269
125287
125299
125303
125311
125329
125339
125353
125371
125383
125387
125399
125407
125423
125429
125441
125453
125471
125497
125507
125509
125527
125539
125551
125591
125597
125617
125621
125627
125639
125641
125651
125659
125669
125683
125687
125693
125707
125711
125717
125731
125737
125743
125753
125777
125789
125791
125803
125813
125821
125863
125887
125897
125899
125921
125927
125929
125933
125941
125959
125963
126001
126011
126013
126019
126023
126031
126037
126041
126047
126067
126079
126097
126107
126127
126131
126143
126151
126173
126199
126211
126223
126227
126229
126233
126241
126257
126271
126307
126311
126317
126323
126337
126341
126349
126359
126397
126421
126433
126443
126457
126461
126473
126481
126487
126491
126493
126499
126517
126541
126547
126551
126583
126601
126611
126613
126631
126641
126653
126683
126691
126703
126713
126719
126733
126739
126743
126751
126757
126761
126781
126823
126827
126839
126851
126857
126859
126913
126923
126943
126949
126961
126967
126989
127031
127033
127037
127051
127079
127081
127103
127123
127133
127139
127157
127163
127189
127207
127217
127219
127241
127247
127249
127261
127271
127277
127289
127291
127297
127301
127321
127331
127343
127363
127373
127399
127403
127423
127447
127453
127481
127487
127493
127507
127529
127541
127549
127579
127583
127591
127597
127601
127607
127609
127637
127643
127649
127657
127663
127669
127679
127681
127691
127703
127709
127711
127717
127727
127733
127739
127747
127763
127781
127807
127817
127819
127837
127843
127849
127859
127867
127873
127877
127913
127921
127931
127951
127973
127979
127997
128021
128033
128047
128053
128099
128111
128113
128119
128147
128153
128159
128173
128189
128201
128203
128213
128221
128237
128239
128257
128273
128287
128291
128311
128321
128327
128339
128341
128347
128351
128377
128389
128393
128399
128411
128413
128431
128437
128449
128461
128467
128473
128477
128483
128489
128509
128519
128521
128549
128551
128563
128591
128599
128603
128621
128629
128657
128659
128663
128669
128677
128683
128693
128717
128747
128749
128761
128767
128813
128819
128831
128833
128837
128857
128861
128873
128879
128903
128923
128939
128941
128951
128959
128969
128971
128981
128983
128987
128993
129001
129011
129023
129037
129049
129061
129083
129089
129097
129113
129119
129121
129127
129169
129187
129193
129197
129209
129221
129223
129229
129263
129277
129281
129287
129289
129293
129313
129341
129347
129361
129379
129401
129403
129419
129439
129443
129449
129457
129461
129469
129491
129497
129499
129509
129517
129527
129529
129533
129539
129553
129581
129587
129589
129593
129607
129629
129631
129641
129643
129671
129707
129719
129733
129737
129749
129757
129763
129769
129793
129803
129841
129853
129887
129893
129901
129917
129919
129937
129953
129959
129967
129971
130003
130021
130027
130043
130051
130057
130069
130073
130079
130087
130099
130121
130127
130147
130171
130183
130199
130201
130211
130223
130241
130253
130259
130261
130267
130279
130303
130307
130337
130343
130349
130363
130367
130369
130379
130399
130409
130411
130423
130439
130447
130457
130469
130477
130483
130489
130513
130517
130523
130531
130547
130553
130579
130589
130619
130621
130631
130633
130639
130643
130649
130651
130657
130681
130687
130693
130699
130729
130769
130783
130787
130807
130811
130817
130829
130841
130843
130859
130873
130927
130957
130969
130973
130981
130987
131009
131011
131023
131041
131059
131063
131071
131101
131111
131113
131129
131143
131149
131171
131203
131213
131221
131231
131249
131251
131267
131293
131297
131303
131311
131317
131321
131357
131363
131371
131381
131413
131431
131437
131441
131447
131449
131477
131479
131489
131497
131501
131507
131519
131543
131561
131581
131591
131611
131617
131627
131639
131641
131671
131687
131701
131707
131711
131713
131731
131743
131749
131759
131771
131777
131779
131783
131797
131837
131839
131849
131861
131891
131893
131899
131909
131927
131933
131939
131941
131947
131959
131969
132001
132019
132047
132049
132059
132071
132103
132109
132113
132137
132151
132157
132169
132173
132199
132229
132233
132241
132247
132257
132263
132283
132287
132299
132313
132329
132331
132347
132361
132367
132371
132383
132403
132409
132421
132437
132439
132469
132491
132499
132511
132523
132527
132529
132533
132541
132547
132589
132607
132611
132619
132623
132631
132637
132647
132661
132667
132679
132689
132697
132701
132707
132709
132721
132739
132749
132751
132757
132761
132763
132817
132833
132851
132857
132859
132863
132887
132893
132911
132929
132947
132949
132953
132961
132967
132971
132989
133013
133033
133039
133051
133069
133073
133087
133097
133103
133109
133117
133121
133153
133157
133169
133183
133187
133201
133213
133241
133253
133261
133271
133277
133279
133283
133303
133319
133321
133327
133337
133349
133351
133379
133387
133391
133403
133417
133439
133447
133451
133481
133493
133499
133519
133541
133543
133559
133571
133583
133597
133631
133633
133649
133657
133669
133673
133691
133697
133709
133711
133717
133723
133733
133769
133781
133801
133811
133813
133831
133843
133853
133873
133877
133919
133949
133963
133967
133979
133981
133993
133999
134033
134039
134047
134053
134059
134077
134081
134087
134089
134093
134129
134153
134161
134171
134177
134191
134207
134213
134219
134227
134243
134257
134263
134269
134287
134291
134293
134327
134333
134339
134341
134353
134359
134363
134369
134371
134399
134401
134417
134437
134443
134471
134489
134503
134507
134513
134581
134587
134591
134593
134597
134609
134639
134669
134677
134681
134683
134699
134707
134731
134741
134753
134777
134789
134807
134837
134839
134851
134857
134867
134873
134887
134909
134917
134921
134923
134947
134951
134989
134999
135007
135017
135019
135029
135043
135049
135059
135077
135089
135101
135119
135131
135151
135173
135181
135193
135197
135209
135211
135221
135241
135257
135271
135277
135281
135283
135301
135319
135329
135347
135349
135353
135367
135389
135391
135403
135409
135427
135431
135433
135449
135461
135463
135467
135469
135479
135497
135511
135533
135559
135571
135581
135589
135593
135599
135601
135607
135613
135617
135623
135637
135647
135649
135661
135671
135697
135701
135719
135721
135727
135731
135743
135757
135781
135787
135799
135829
135841
135851
135859
135887
135893
135899
135911
135913
135929
135937
135977
135979
136013
136027
136033
136043
136057
136067
136069
136093
136099
136111
136133
136139
136163
136177
136189
136193
136207
136217
136223
136237
136247
136261
136273
136277
136303
136309
136319
136327
136333
136337
136343
136351
136361
136373
136379
136393
136397
136399
136403
136417
136421
136429
136447
136453
136463
136471
136481
136483
136501
136511
136519
136523
136531
136537
136541
136547
136559
136573
136601
136603
136607
136621
136649
136651
136657
136691
136693
136709
136711
136727
136733
136739
136751
136753
136769
136777
136811
136813
136841
136849
136859
136861
136879
136883
136889
136897
136943
136949
136951
136963
136973
136979
136987
136991
136993
136999
137029
137077
137087
137089
137117
137119
137131
137143
137147
137153
137177
137183
137191
137197
137201
137209
137219
137239
137251
137273
137279
137303
137321
137339
137341
137353
137359
137363
137369
137383
137387
137393
137399
137413
137437
137443
137447
137453
137477
137483
137491
137507
137519
137537
137567
137573
137587
137593
137597
137623
137633
137639
137653
137659
137699
137707
137713
137723
137737
137743
137771
137777
137791
137803
137827
137831
137849
137867
137869
137873
137909
137911
137927
137933
137941
137947
137957
137983
137993
137999
138007
138041
138053
138059
138071
138077
138079
138101
138107
138113
138139
138143
138157
138163
138179
138181
138191
138197
138209
138239
138241
138247
138251
138283
138289
138311
138319
138323
138337
138349
138371
138373
138389
138401
138403
138407
138427
138433
138449
138451
138461
138469
138493
138497
138511
138517
138547
138559
138563
138569
138571
138577
138581
138587
138599
138617
138629
138637
138641
138647
138661
138679
138683
138727
138731
138739
138763
138793
138797
138799
138821
138829
138841
138863
138869
138883
138889
138893
138899
138917
138923
138937
138959
138967
138977
139021
139033
139067
139079
139091
139109
139121
139123
139133
139169
139177
139187
139199
139201
139241
139267
139273
139291
139297
139301
139303
139309
139313
139333
139339
139343
139361
139367
139369
139387
139393
139397
139409
139423
139429
139439
139457
139459
139483
139487
139493
139501
139511
139537
139547
139571
139589
139591
139597
139609
139619
139627
139661
139663
139681
139697
139703
139709
139721
139729
139739
139747
139753
139759
139787
139801
139813
139831
139837
139861
139871
139883
139891
139901
139907
139921
139939
139943
139967
139969
139981
139987
139991
139999
140009
140053
140057
140069
140071
140111
140123
140143
140159
140167
140171
140177
140191
140197
140207
140221
140227
140237
140249
140263
140269
140281
140297
140317
140321
140333
140339
140351
140363
140381
140401
140407
140411
140417
140419
140423
140443
140449
140453
140473
140477
140521
140527
140533
140549
140551
140557
140587
140593
140603
140611
140617
140627
140629
140639
140659
140663
140677
140681
140683
140689
140717
140729
140731
140741
140759
140761
140773
140779
140797
140813
140827
140831
140837
140839
140863
140867
140869
140891
140893
140897
140909
140929
140939
140977
140983
140989
141023
141041
141061
141067
141073
141079
141101
141107
141121
141131
141157
141161
141179
141181
141199
141209
141221
141223
141233
141241
141257
141263
141269
141277
141283
141301
141307
141311
141319
141353
141359
141371
141397
141403
141413
141439
141443
141461
141481
141497
141499
141509
141511
141529
141539
141551
141587
141601
141613
141619
141623
141629
141637
141649
141653
141667
141671
141677
141679
141689
141697
141707
141709
141719
141731
141761
141767
141769
141773
141793
141803
141811
141829
141833
141851
141853
141863
141871
141907
141917
141931
141937
141941
141959
141961
141971
141991
142007
142019
142031
142039
142049
142057
142061
142067
142097
142099
142111
142123
142151
142157
142159
142169
142183
142189
142193
142211
142217
142223
142231
142237
142271
142297
142319
142327
142357
142369
142381
142391
142403
142421
142427
142433
142453
142469
142501
142529
142537
142543
142547
142553
142559
142567
142573
142589
142591
142601
142607
142609
142619
142657
142673
142697
142699
142711
142733
142757
142759
142771
142787
142789
142799
142811
142837
142841
142867
142871
142873
142897
142903
142907
142939
142949
142963
142969
142973
142979
142981
142993
143053
143063
143093
143107
143111
143113
143137
143141
143159
143177
143197
143239
143243
143249
143257
143261
143263
143281
143287
143291
143329
143333
143357
143387
143401
143413
143419
143443
143461
143467
143477
143483
143489
143501
143503
143509
143513
143519
143527
143537
143551
143567
143569
143573
143593
143609
143617
143629
143651
143653
143669
143677
143687
143699
143711
143719
143729
143743
143779
143791
143797
143807
143813
143821
143827
143831
143833
143873
143879
143881
143909
143947
143953
143971
143977
143981
143999
144013
144031
144037
144061
144071
144073
144103
144139
144161
144163
144167
144169
144173
144203
144223
144241
144247
144253
144259
144271
144289
144299
144307
144311
144323
144341
144349
144379
144383
144407
144409
144413
144427
144439
144451
144461
144479
144481
144497
144511
144539
144541
144563
144569
144577
144583
144589
144593
144611
144629
144659
144667
144671
144701
144709
144719
144731
144737
144751
144757
144763
144773
144779
144791
144817
144829
144839
144847
144883
144887
144889
144899
144917
144931
144941
144961
144967
144973
144983
145007
145009
145021
145031
145037
145043
145063
145069
145091
145109
145121
145133
145139
145177
145193
145207
145213
145219
145253
145259
145267
145283
145289
145303
145307
145349
145361
145381
145391
145399
145417
145423
145433
145441
145451
145459
145463
145471
145477
145487
145501
145511
145513
145517
145531
145543
145547
145549
145577
145589
145601
145603
145633
145637
145643
145661
145679
145681
145687
145703
145709
145721
145723
145753
145757
145759
145771
145777
145799
145807
145819
145823
145829
145861
145879
145897
145903
145931
145933
145949
145963
145967
145969
145987
145991
146009
146011
146021
146023
146033
146051
146057
146059
146063
146077
146093
146099
146117
146141
146161
146173
146191
146197
146203
146213
146221
146239
146249
146273
146291
146297
146299
146309
146317
146323
146347
146359
146369
146381
146383
146389
146407
146417
146423
146437
146449
146477
146513
146519
146521
146527
146539
146543
146563
146581
146603
146609
146617
146639
146647
146669
146677
146681
146683
146701
146719
146743
146749
146767
146777
146801
146807
146819
146833
146837
146843
146849
146857
146891
146893
146917
146921
146933
146941
146953
146977
146983
146987
146989
147011
147029
147031
147047
147073
147083
147089
147097
147107
147137
147139
147151
147163
147179
147197
147209
147211
147221
147227
147229
147253
147263
147283
147289
147293
147299
147311
147319
147331
147341
147347
147353
147377
147391
147397
147401
147409
147419
147449
147451
147457
147481
147487
147503
147517
147541
147547
147551
147557
147571
147583
147607
147613
147617
147629
147647
147661
147671
147673
147689
147703
147709
147727
147739
147743
147761
147769
147773
147779
147787
147793
147799
147811
147827
147853
147859
147863
147881
147919
147937
147949
147977
147997
148013
148021
148061
148063
148073
148079
148091
148123
148139
148147
148151
148153
148157
148171
148193
148199
148201
148207
148229
148243
148249
148279
148301
148303
148331
148339
148361
148367
148381
148387
148399
148403
148411
148429
148439
148457
148469
148471
148483
148501
148513
148517
148531
148537
148549
148573
148579
148609
148627
148633
148639
148663
148667
148669
148691
148693
148711
148721
148723
148727
148747
148763
148781
148783
148793
148817
148829
148853
148859
148861
148867
148873
148891
148913
148921
148927
148931
148933
148949
148957
148961
148991
148997
149011
149021
149027
149033
149053
149057
149059
149069
149077
149087
149099
149101
149111
149113
149119
149143
149153
149159
149161
149173
149183
149197
149213
149239
149249
149251
149257
149269
149287
149297
149309
149323
149333
149341
149351
149371
149377
149381
149393
149399
149411
149417
149419
149423
149441
149459
149489
149491
149497
149503
149519
149521
149531
149533
149543
149551
149561
149563
149579
149603
149623
149627
149629
149689
149711
149713
149717
149729
149731
149749
149759
149767
149771
149791
149803
149827
149837
149839
149861
149867
149873
149893
149899
149909
149911
149921
149939
149953
149969
149971
149993
150001
150011
150041
150053
150061
150067
150077
150083
150089
150091
150097
150107
150131
150151
150169
150193
150197
150203
150209
150211
150217
150221
150223
150239
150247
150287
150299
150301
150323
150329
150343
150373
150377
150379
150383
150401
150407
150413
150427
150431
150439
150473
150497
150503
150517
150523
150533
150551
150559
150571
150583
150587
150589
150607
150611
150617
150649
150659
150697
150707
150721
150743
150767
150769
150779
150791
150797
150827
150833
150847
150869
150881
150883
150889
150893
150901
150907
150919
150929
150959
150961
150967
150979
150989
150991
151007
151009
151013
151027
151049
151051
151057
151091
151121
151141
151153
151157
151163
151169
151171
151189
151201
151213
151237
151241
151243
151247
151253
151273
151279
151289
151303
151337
151339
151343
151357
151379
151381
151391
151397
151423
151429
151433
151451
151471
151477
151483
151499
151507
151517
151523
151531
151537
151549
151553
151561
151573
151579
151597
151603
151607
151609
151631
151637
151643
151651
151667
151673
151681
151687
151693
151703
151717
151729
151733
151769
151771
151783
151787
151799
151813
151817
151841
151847
151849
151871
151883
151897
151901
151903
151909
151937
151939
151967
151969
152003
152017
152027
152029
152039
152041
152063
152077
152081
152083
152093
152111
152123
152147
152183
152189
152197
152203
152213
152219
152231
152239
152249
152267
152287
152293
152297
152311
152363
152377
152381
152389
152393
152407
152417
152419
152423
152429
152441
152443
152459
152461
152501
152519
152531
152533
152539
152563
152567
152597
152599
152617
152623
152629
152639
152641
152657
152671
152681
152717
152723
152729
152753
152767
152777
152783
152791
152809
152819
152821
152833
152837
152839
152843
152851
152857
152879
152897
152899
152909
152939
152941
152947
152953
152959
152981
152989
152993
153001
153059
153067
153071
153073
153077
153089
153107
153113
153133
153137
153151
153191
153247
153259
153269
153271
153277
153281
153287
153313
153319
153337
153343
153353
153359
153371
153379
153407
153409
153421
153427
153437
153443
153449
153457
153469
153487
153499
153509
153511
153521
153523
153529
153533
153557
153563
153589
153607
153611
153623
153641
153649
153689
153701
153719
153733
153739
153743
153749
153757
153763
153817
153841
153871
153877
153887
153889
153911
153913
153929
153941
153947
153949
153953
153991
153997
154001
154027
154043
154057
154061
154067
154073
154079
154081
154087
154097
154111
154127
154153
154157
154159
154181
154183
154211
154213
154229
154243
154247
154267
154277
154279
154291
154303
154313
154321
154333
154339
154351
154369
154373
154387
154409
154417
154423
154439
154459
154487
154493
154501
154523
154543
154571
154573
154579
154589
154591
154613
154619
154621
154643
154667
154669
154681
154691
154699
154723
154727
154733
154747
154753
154769
154787
154789
154799
154807
154823
154841
154849
154871
154873
154877
154883
154897
154927
154933
154937
154943
154981
154991
155003
155009
155017
155027
155047
155069
155081
155083
155087
155119
155137
155153
155161
155167
155171
155191
155201
155203
155209
155219
155231
155251
155269
155291
155299
155303
155317
155327
155333
155371
155377
155381
155383
155387
155399
155413
155423
155443
155453
155461
155473
155501
155509
155521
155537
155539
155557
155569
155579
155581
155593
155599
155609
155621
155627
155653
155657
155663
155671
155689
155693
155699
155707
155717
155719
155723
155731
155741
155747
155773
155777
155783
155797
155801
155809
155821
155833
155849
155851
155861
155863
155887
155891
155893
155921
156007
156011
156019
156041
156059
156061
156071
156089
156109
156119
156127
156131
156139
156151
156157
156217
156227
156229
156241
156253
156257
156259
156269
156307
156319
156329
156347
156353
156361
156371
156419
156421
156437
156467
156487
156491
156493
156511
156521
156539
156577
156589
156593
156601
156619
156623
156631
156641
156659
156671
156677
156679
156683
156691
156703
156707
156719
156727
156733
156749
156781
156797
156799
156817
156823
156833
156841
156887
156899
156901
156913
156941
156943
156967
156971
156979
157007
157013
157019
157037
157049
157051
157057
157061
157081
157103
157109
157127
157133
157141
157163
157177
157181
157189
157207
157211
157217
157219
157229
157231
157243
157247
157253
157259
157271
157273
157277
157279
157291
157303
157307
157321
157327
157349
157351
157363
157393
157411
157427
157429
157433
157457
157477
157483
157489
157513
157519
157523
157543
157559
157561
157571
157579
157627
157637
157639
157649
157667
157669
157679
157721
157733
157739
157747
157769
157771
157793
157799
157813
157823
157831
157837
157841
157867
157877
157889
157897
157901
157907
157931
157933
157951
157991
157999
158003
158009
158017
158029
158047
158071
158077
158113
158129
158141
158143
158161
158189
158201
158209
158227
158231
158233
158243
158261
158269
158293
158303
158329
158341
158351
158357
158359
158363
158371
158393
158407
158419
158429
158443
158449
158489
158507
158519
158527
158537
158551
158563
158567
158573
158581
158591
158597
158611
158617
158621
158633
158647
158657
158663
158699
158731
158747
158749
158759
158761
158771
158777
158791
158803
158843
158849
158863
158867
158881
158909
158923
158927
158941
158959
158981
158993
159013
159017
159023
159059
159073
159079
159097
159113
159119
159157
159161
159167
159169
159179
159191
159193
159199
159209
159223
159227
159233
159287
159293
159311
159319
159337
159347
159349
159361
159389
159403
159407
159421
159431
159437
159457
159463
159469
159473
159491
159499
159503
159521
159539
159541
159553
159563
159569
159571
159589
159617
159623
159629
159631
159667
159671
159673
159683
159697
159701
159707
159721
159737
159739
159763
159769
159773
159779
159787
159791
159793
159799
159811
159833
159839
159853
159857
159869
159871
159899
159911
159931
159937
159977
159979
160001
160009
160019
160031
160033
160049
160073
160079
160081
160087
160091
160093
160117
160141
160159
160163
160169
160183
160201
160207
160217
160231
160243
160253
160309
160313
160319
160343
160357
160367
160373
160387
160397
160403
160409
160423
160441
160453
160481
160483
160499
160507
160541
160553
160579
160583
160591
160603
160619
160621
160627
160637
160639
160649
160651
160663
160669
160681
160687
160697
160709
160711
160723
160739
160751
160753
160757
160781
160789
160807
160813
160817
160829
160841
160861
160877
160879
160883
160903
160907
160933
160967
160969
160981
160997
161009
161017
161033
161039
161047
161053
161059
161071
161087
161093
161123
161137
161141
161149
161159
161167
161201
161221
161233
161237
161263
161267
161281
161303
161309
161323
161333
161339
161341
161363
161377
161387
161407
161411
161453
161459
161461
161471
161503
161507
161521
161527
161531
161543
161561
161563
161569
161573
161591
161599
161611
161627
161639
161641
161659
161683
161717
161729
161731
161741
161743
161753
161761
161771
161773
161779
161783
161807
161831
161839
161869
161873
161879
161881
161911
161921
161923
161947
161957
161969
161971
161977
161983
161999
162007
162011
162017
162053
162059
162079
162091
162109
162119
162143
162209
162221
162229
162251
162257
162263
162269
162277
162287
162289
162293
162343
162359
162389
162391
162413
162419
162439
162451
162457
162473
162493
162499
162517
162523
162527
162529
162553
162557
162563
162577
162593
162601
162611
162623
162629
162641
162649
162671
162677
162683
162691
162703
162709
162713
162727
162731
162739
162749
162751
162779
162787
162791
162821
162823
162829
162839
162847
162853
162859
162881
162889
162901
162907
162917
162937
162947
162971
162973
162989
162997
163003
163019
163021
163027
163061
163063
163109
163117
163127
163129
163147
163151
163169
163171
163181
163193
163199
163211
163223
163243
163249
163259
163307
163309
163321
163327
163337
163351
163363
163367
163393
163403
163409
163411
163417
163433
163469
163477
163481
163483
163487
163517
163543
163561
163567
163573
163601
163613
163621
163627
163633
163637
163643
163661
163673
163679
163697
163729
163733
163741
163753
163771
163781
163789
163811
163819
163841
163847
163853
163859
163861
163871
163883
163901
163909
163927
163973
163979
163981
163987
163991
163993
163997
164011
164023
164039
164051
164057
164071
164089
164093
164113
164117
164147
164149
164173
164183
164191
164201
164209
164231
164233
164239
164249
164251
164267
164279
164291
164299
164309
164321
164341
164357
164363
164371
164377
164387
164413
164419
164429
164431
164443
164447
164449
164471
164477
164503
164513
164531
164569
164581
164587
164599
164617
164621
164623
164627
164653
164663
164677
164683
164701
164707
164729
164743
164767
164771
164789
164809
164821
164831
164837
164839
164881
164893
164911
164953
164963
164987
164999
165001
165037
165041
165047
165049
165059
165079
165083
165089
165103
165133
165161
165173
165181
165203
165211
165229
165233
165247
165287
165293
165311
165313
165317
165331
165343
165349
165367
165379
165383
165391
165397
165437
165443
165449
165457
165463
165469
165479
165511
165523
165527
165533
165541
165551
165553
165559
165569
165587
165589
165601
165611
165617
165653
165667
165673
165701
165703
165707
165709
165713
165719
165721
165749
165779
165799
165811
165817
165829
165833
165857
165877
165883
165887
165901
165931
165941
165947
165961
165983
166013
166021
166027
166031
166043
166063
166081
166099
166147
166151
166157
166169
166183
166189
166207
166219
166237
166247
166259
166273
166289
166297
166301
166303
166319
166349
166351
166357
166363
166393
166399
166403
166409
166417
166429
166457
166471
166487
166541
166561
166567
166571
166597
166601
166603
166609
166613
166619
166627
166631
166643
166657
166667
166669
166679
166693
166703
166723
166739
166741
166781
166783
166799
166807
166823
166841
166843
166847
166849
166853
166861
166867
166871
166909
166919
166931
166949
166967
166973
166979
166987
167009
167017
167021
167023
167033
167039
167047
167051
167071
167077
167081
167087
167099
167107
167113
167117
167119
167149
167159
167173
167177
167191
167197
167213
167221
167249
167261
167267
167269
167309
167311
167317
167329
167339
167341
167381
167393
167407
167413
167423
167429
167437
167441
167443
167449
167471
167483
167491
167521
167537
167543
167593
167597
167611
167621
167623
167627
167633
167641
167663
167677
167683
167711
167729
167747
167759
167771
167777
167779
167801
167809
167861
167863
167873
167879
167887
167891
167899
167911
167917
167953
167971
167987
168013
168023
168029
168037
168043
168067
168071
168083
168089
168109
168127
168143
168151
168193
168197
168211
168227
168247
168253
168263
168269
168277
168281
168293
168323
168331
168347
168353
168391
168409
168433
168449
168451
168457
168463
168481
168491
168499
168523
168527
168533
168541
168559
168599
168601
168617
168629
168631
168643
168673
168677
168697
168713
168719
168731
168737
168743
168761
168769
168781
168803
168851
168863
168869
168887
168893
168899
168901
168913
168937
168943
168977
168991
169003
169007
169009
169019
169049
169063
169067
169069
169079
169093
169097
169111
169129
169151
169159
169177
169181
169199
169217
169219
169241
169243
169249
169259
169283
169307
169313
169319
169321
169327
169339
169343
169361
169369
169373
169399
169409
169427
169457
169471
169483
169489
169493
169501
169523
169531
169553
169567
169583
169591
169607
169627
169633
169639
169649
169657
169661
169667
169681
169691
169693
169709
169733
169751
169753
169769
169777
169783
169789
169817
169823
169831
169837
169843
169859
169889
169891
169909
169913
169919
169933
169937
169943
169951
169957
169987
169991
170003
170021
170029
170047
170057
170063
170081
170099
170101
170111
170123
170141
170167
170179
170189
170197
170207
170213
170227
170231
170239
170243
170249
170263
170267
170279
170293
170299
170327
170341
170347
170351
170353
170363
170369
170371
170383
170389
170393
170413
170441
170447
170473
170483
170497
170503
170509
170537
170539
170551
170557
170579
170603
170609
170627
170633
170641
170647
170669
170689
170701
170707
170711
170741
170749
170759
170761
170767
170773
170777
170801
170809
170813
170827
170837
170843
170851
170857
170873
170881
170887
170899
170921
170927
170953
170957
170971
171007
171023
171029
171043
171047
171049
171053
171077
171079
171091
171103
171131
171161
171163
171167
171169
171179
171203
171233
171251
171253
171263
171271
171293
171299
171317
171329
171341
171383
171401
171403
171427
171439
171449
171467
171469
171473
171481
171491
171517
171529
171539
171541
171553
171559
171571
171583
171617
171629
171637
171641
171653
171659
171671
171673
171679
171697
171707
171713
171719
171733
171757
171761
171763
171793
171799
171803
171811
171823
171827
171851
171863
171869
171877
171881
171889
171917
171923
171929
171937
171947
172001
172009
172021
172027
172031
172049
172069
172079
172093
172097
172127
172147
172153
172157
172169
172171
172181
172199
172213
172217
172219
172223
172243
172259
172279
172283
172297
172307
172313
172321
172331
172343
172351
172357
172373
172399
172411
172421
172423
172427
172433
172439
172441
172489
172507
172517
172519
172541
172553
172561
172573
172583
172589
172597
172603
172607
172619
172633
172643
172649
172657
172663
172673
172681
172687
172709
172717
172721
172741
172751
172759
172787
172801
172807
172829
172849
172853
172859
172867
172871
172877
172883
172933
172969
172973
172981
172987
172993
172999
173021
173023
173039
173053
173059
173081
173087
173099
173137
173141
173149
173177
173183
173189
173191
173207
173209
173219
173249
173263
173267
173273
173291
173293
173297
173309
173347
173357
173359
173429
173431
173473
173483
173491
173497
173501
173531
173539
173543
173549
173561
173573
173599
173617
173629
173647
173651
173659
173669
173671
173683
173687
173699
173707
173713
173729
173741
173743
173773
173777
173779
173783
173807
173819
173827
173839
173851
173861
173867
173891
173897
173909
173917
173923
173933
173969
173977
173981
173993
174007
174017
174019
174047
174049
174061
174067
174071
174077
174079
174091
174101
174121
174137
174143
174149
174157
174169
174197
174221
174241
174257
174259
174263
174281
174289
174299
174311
174329
174331
174337
174347
174367
174389
174407
174413
174431
174443
174457
174467
174469
174481
174487
174491
174527
174533
174569
174571
174583
174599
174613
174617
174631
174637
174649
174653
174659
174673
174679
174703
174721
174737
174749
174761
174763
174767
174773
174799
174821
174829
174851
174859
174877
174893
174901
174907
174917
174929
174931
174943
174959
174989
174991
175003
175013
175039
175061
175067
175069
175079
175081
175103
175129
175141
175211
175229
175261
175267
175277
175291
175303
175309
175327
175333
175349
175361
175391
175393
175403
175411
175433
175447
175453
175463
175481
175493
175499
175519
175523
175543
175573
175601
175621
175631
175633
175649
175663
175673
175687
175691
175699
175709
175723
175727
175753
175757
175759
175781
175783
175811
175829
175837
175843
175853
175859
175873
175891
175897
175909
175919
175937
175939
175949
175961
175963
175979
175991
175993
176017
176021
176023
176041
176047
176051
176053
176063
176081
176087
176089
176123
176129
176153
176159
176161
176179
176191
176201
176207
176213
176221
176227
176237
176243
176261
176299
176303
176317
176321
176327
176329
176333
176347
176353
176357
176369
176383
176389
176401
176413
176417
176419
176431
176459
176461
176467
176489
176497
176503
176507
176509
176521
176531
176537
176549
176551
176557
176573
176591
176597
176599
176609
176611
176629
176641
176651
176677
176699
176711
176713
176741
176747
176753
176777
176779
176789
176791
176797
176807
176809
176819
176849
176857
176887
176899
176903
176921
176923
176927
176933
176951
176977
176983
176989
177007
177011
177013
177019
177043
177091
177101
177109
177113
177127
177131
177167
177173
177209
177211
177217
177223
177239
177257
177269
177283
177301
177319
177323
177337
177347
177379
177383
177409
177421
177427
177431
177433
177467
177473
177481
177487
177493
177511
177533
177539
177553
177589
177601
177623
177647
177677
177679
177691
177739
177743
177761
177763
177787
177791
177797
177811
177823
177839
177841
177883
177887
177889
177893
177907
177913
177917
177929
177943
177949
177953
177967
177979
178001
178021
178037
178039
178067
178069
178091
178093
178103
178117
178127
178141
178151
178169
178183
178187
178207
178223
178231
178247
178249
178259
178261
178289
178301
178307
178327
178333
178349
178351
178361
178393
178397
178403
178417
178439
178441
178447
178469
178481
178487
178489
178501
178513
178531
178537
178559
178561
178567
178571
178597
178601
178603
178609
178613
178621
178627
178639
178643
178681
178691
178693
178697
178753
178757
178781
178793
178799
178807
178813
178817
178819
178831
178853
178859
178873
178877
178889
178897
178903
178907
178909
178921
178931
178933
178939
178951
178973
178987
179021
179029
179033
179041
179051
179057
179083
179089
179099
179107
179111
179119
179143
179161
179167
179173
179203
179209
179213
179233
179243
179261
179269
179281
179287
179317
179321
179327
179351
179357
179369
179381
179383
179393
179407
179411
179429
179437
179441
179453
179461
179471
179479
179483
179497
179519
179527
179533
179549
179563
179573
179579
179581
179591
179593
179603
179623
179633
179651
179657
179659
179671
179687
179689
179693
179717
179719
179737
179743
179749
179779
179801
179807
179813
179819
179821
179827
179833
179849
179897
179899
179903
179909
179917
179923
179939
179947
179951
179953
179957
179969
179981
179989
179999
180001
180007
180023
180043
180053
180071
180073
180077
180097
180137
180161
180179
180181
180211
180221
180233
180239
180241
180247
180259
180263
180281
180287
180289
180307
180311
180317
180331
180337
180347
180361
180371
180379
180391
180413
180419
180437
180463
180473
180491
180497
180503
180511
180533
180539
180541
180547
180563
180569
180617
180623
180629
180647
180667
180679
180701
180731
180749
180751
180773
180779
180793
180797
180799
180811
180847
180871
180883
180907
180949
180959
181001
181003
181019
181031
181039
181061
181063
181081
181087
181123
181141
181157
181183
181193
181199
181201
181211
181213
181219
181243
181253
181273
181277
181283
181297
181301
181303
181361
181387
181397
181399
181409
181421
181439
181457
181459
181499
181501
181513
181523
181537
181549
181553
181603
181607
181609
181619
181639
181667
181669
181693
181711
181717
181721
181729
181739
181751
181757
181759
181763
181777
181787
181789
181813
181837
181871
181873
181889
181891
181903
181913
181919
181927
181931
181943
181957
181967
181981
181997
182009
182011
182027
182029
182041
182047
182057
182059
182089
182099
182101
182107
182111
182123
182129
182131
182141
182159
182167
182177
182179
182201
182209
182233
182239
182243
182261
182279
182297
182309
182333
182339
182341
182353
182387
182389
182417
182423
182431
182443
182453
182467
182471
182473
182489
182503
182509
182519
182537
182549
182561
182579
182587
182593
182599
182603
182617
182627
182639
182641
182653
182657
182659
182681
182687
182701
182711
182713
182747
182773
182779
182789
182803
182813
182821
182839
182851
182857
182867
182887
182893
182899
182921
182927
182929
182933
182953
182957
182969
182981
182999
183023
183037
183041
183047
183059
183067
183089
183091
183119
183151
183167
183191
183203
183247
183259
183263
183283
183289
183299
183301
183307
183317
183319
183329
183343
183349
183361
183373
183377
183383
183389
183397
183437
183439
183451
183461
183473
183479
183487
183497
183499
183503
183509
183511
183523
183527
183569
183571
183577
183581
183587
183593
183611
183637
183661
183683
183691
183697
183707
183709
183713
183761
183763
183797
183809
183823
183829
183871
183877
183881
183907
183917
183919
183943
183949
183959
183971
183973
183979
184003
184007
184013
184031
184039
184043
184057
184073
184081
184087
184111
184117
184133
184153
184157
184181
184187
184189
184199
184211
184231
184241
184259
184271
184273
184279
184291
184309
184321
184333
184337
184351
184369
184409
184417
184441
184447
184463
184477
184487
184489
184511
184517
184523
184553
184559
184567
184571
184577
184607
184609
184627
184631
184633
184649
184651
184669
184687
184693
184703
184711
184721
184727
184733
184753
184777
184823
184829
184831
184837
184843
184859
184879
184901
184903
184913
184949
184957
184967
184969
184993
184997
184999
185021
185027
185051
185057
185063
185069
185071
185077
185089
185099
185123
185131
185137
185149
185153
185161
185167
185177
185183
185189
185221
185233
185243
185267
185291
185299
185303
185309
185323
185327
185359
185363
185369
185371
185401
185429
185441
185467
185477
185483
185491
185519
185527
185531
185533
185539
185543
185551
185557
185567
185569
185593
185599
185621
185641
185651
185677
185681
185683
185693
185699
185707
185711
185723
185737
185747
185749
185753
185767
185789
185797
185813
185819
185821
185831
185833
185849
185869
185873
185893
185897
185903
185917
185923
185947
185951
185957
185959
185971
185987
185993
186007
186013
186019
186023
186037
186041
186049
186071
186097
186103
186107
186113
186119
186149
186157
186161
186163
186187
186191
186211
186227
186229
186239
186247
186253
186259
186271
186283
186299
186301
186311
186317
186343
186377
186379
186391
186397
186419
186437
186451
186469
186479
186481
186551
186569
186581
186583
186587
186601
186619
186629
186647
186649
186653
186671
186679
186689
186701
186707
186709
186727
186733
186743
186757
186761
186763
186773
186793
186799
186841
186859
186869
186871
186877
186883
186889
186917
186947
186959
187003
187009
187027
187043
187049
187067
187069
187073
187081
187091
187111
187123
187127
187129
187133
187139
187141
187163
187171
187177
187181
187189
187193
187211
187217
187219
187223
187237
187273
187277
187303
187337
187339
187349
187361
187367
187373
187379
187387
187393
187409
187417
187423
187433
187441
187463
187469
187471
187477
187507
187513
187531
187547
187559
187573
187597
187631
187633
187637
187639
187651
187661
187669
187687
187699
187711
187721
187751
187763
187787
187793
187823
187843
187861
187871
187877
187883
187897
187907
187909
187921
187927
187931
187951
187963
187973
187987
188011
188017
188021
188029
188107
188137
188143
188147
188159
188171
188179
188189
188197
188249
188261
188273
188281
188291
188299
188303
188311
188317
188323
188333
188351
188359
188369
188389
188401
188407
188417
188431
188437
188443
188459
188473
188483
188491
188519
188527
188533
188563
188579
188603
188609
188621
188633
188653
188677
188681
188687
188693
188701
188707
188711
188719
188729
188753
188767
188779
188791
188801
188827
188831
188833
188843
188857
188861
188863
188869
188891
188911
188927
188933
188939
188941
188953
188957
188983
188999
189011
189017
189019
189041
189043
189061
189067
189127
189139
189149
189151
189169
189187
189199
189223
189229
189239
189251
189253
189257
189271
189307
189311
189337
189347
189349
189353
189361
189377
189389
189391
189401
189407
189421
189433
189437
189439
189463
189467
189473
189479
189491
189493
189509
189517
189523
189529
189547
189559
189583
189593
189599
189613
189617
189619
189643
189653
189661
189671
189691
189697
189701
189713
189733
189743
189757
189767
189797
189799
189817
189823
189851
189853
189859
189877
189881
189887
189901
189913
189929
189947
189949
189961
189967
189977
189983
189989
189997
190027
190031
190051
190063
190093
190097
190121
190129
190147
190159
190181
190207
190243
190249
190261
190271
190283
190297
190301
190313
190321
190331
190339
190357
190367
190369
190387
190391
190403
190409
190471
190507
190523
190529
190537
190543
190573
190577
190579
190583
190591
190607
190613
190633
190639
190649
190657
190667
190669
190699
190709
190711
190717
190753
190759
190763
190769
190783
190787
190793
190807
190811
190823
190829
190837
190843
190871
190889
190891
190901
190909
190913
190921
190979
190997
191021
191027
191033
191039
191047
191057
191071
191089
191099
191119
191123
191137
191141
191143
191161
191173
191189
191227
191231
191237
191249
191251
191281
191297
191299
191339
191341
191353
191413
191441
191447
191449
191453
191459
191461
191467
191473
191491
191497
191507
191509
191519
191531
191533
191537
191551
191561
191563
191579
191599
191621
191627
191657
191669
191671
191677
191689
191693
191699
191707
191717
191747
191749
191773
191783
191791
191801
191803
191827
191831
191833
191837
191861
191899
191903
191911
191929
191953
191969
191977
191999
192007
192013
192029
192037
192043
192047
192053
192091
192097
192103
192113
192121
192133
192149
192161
192173
192187
192191
192193
192229
192233
192239
192251
192259
192263
192271
192307
192317
192319
192323
192341
192343
192347
192373
192377
192383
192391
192407
192431
192461
192463
192497
192499
192529
192539
192547
192553
192557
192571
192581
192583
192587
192601
192611
192613
192617
192629
192631
192637
192667
192677
192697
192737
192743
192749
192757
192767
192781
192791
192799
192811
192817
192833
192847
192853
192859
192877
192883
192887
192889
192917
192923
192931
192949
192961
192971
192977
192979
192991
193003
193009
193013
193031
193043
193051
193057
193073
193093
193133
193139
193147
193153
193163
193181
193183
193189
193201
193243
193247
193261
193283
193301
193327
193337
193357
193367
193373
193379
193381
193387
193393
193423
193433
193441
193447
193451
193463
193469
193493
193507
193513
193541
193549
193559
193573
193577
193597
193601
193603
193607
193619
193649
193663
193679
193703
193723
193727
193741
193751
193757
193763
193771
193789
193793
193799
193811
193813
193841
193847
193859
193861
193871
193873
193877
193883
193891
193937
193939
193943
193951
193957
193979
193993
194003
194017
194027
194057
194069
194071
194083
194087
194093
194101
194113
194119
194141
194149
194167
194179
194197
194203
194239
194263
194267
194269
194309
194323
194353
194371
194377
194413
194431
194443
194471
194479
194483
194507
194521
194527
194543
194569
194581
194591
194609
194647
194653
194659
194671
194681
194683
194687
194707
194713
194717
194723
194729
194749
194767
194771
194809
194813
194819
194827
194839
194861
194863
194867
194869
194891
194899
194911
194917
194933
194963
194977
194981
194989
195023
195029
195043
195047
195049
195053
195071
195077
195089
195103
195121
195127
195131
195137
195157
195161
195163
195193
195197
195203
195229
195241
195253
195259
195271
195277
195281
195311
195319
195329
195341
195343
195353
195359
195389
195401
195407
195413
195427
195443
195457
195469
195479
195493
195497
195511
195527
195539
195541
195581
195593
195599
195659
195677
195691
195697
195709
195731
195733
195737
195739
195743
195751
195761
195781
195787
195791
195809
195817
195863
195869
195883
195887
195893
195907
195913
195919
195929
195931
195967
195971
195973
195977
195991
195997
196003
196033
196039
196043
196051
196073
196081
196087
196111
196117
196139
196159
196169
196171
196177
196181
196187
196193
196201
196247
196271
196277
196279
196291
196303
196307
196331
196337
196379
196387
196429
196439
196453
196459
196477
196499
196501
196519
196523
196541
196543
196549
196561
196579
196583
196597
196613
196643
196657
196661
196663
196681
196687
196699
196709
196717
196727
196739
196751
196769
196771
196799
196817
196831
196837
196853
196871
196873
196879
196901
196907
196919
196927
196961
196991
196993
197003
197009
197023
197033
197059
197063
197077
197083
197089
197101
197117
197123
197137
197147
197159
197161
197203
197207
197221
197233
197243
197257
197261
197269
197273
197279
197293
197297
197299
197311
197339
197341
197347
197359
197369
197371
197381
197383
197389
197419
197423
197441
197453
197479
197507
197521
197539
197551
197567
197569
197573
197597
197599
197609
197621
197641
197647
197651
197677
197683
197689
197699
197711
197713
197741
197753
197759
197767
197773
197779
197803
197807
197831
197837
197887
197891
197893
197909
197921
197927
197933
197947
197957
197959
197963
197969
197971
198013
198017
198031
198043
198047
198073
198083
198091
198097
198109
198127
198139
198173
198179
198193
198197
198221
198223
198241
198251
198257
198259
198277
198281
198301
198313
198323
198337
198347
198349
198377
198391
198397
198409
198413
198427
198437
198439
198461
198463
198469
198479
198491
198503
198529
198533
198553
198571
198589
198593
198599
198613
198623
198637
198641
198647
198659
198673
198689
198701
198719
198733
198761
198769
198811
198817
198823
198827
198829
198833
198839
198841
198851
198859
198899
198901
198929
198937
198941
198943
198953
198959
198967
198971
198977
198997
199021
199033
199037
199039
199049
199081
199103
199109
199151
199153
199181
199193
199207
199211
199247
199261
199267
199289
199313
199321
199337
199343
199357
199373
199379
199399
199403
199411
199417
199429
199447
199453
199457
199483
199487
199489
199499
199501
199523
199559
199567
199583
199601
199603
199621
199637
199657
199669
199673
199679
199687
199697
199721
199729
199739
199741
199751
199753
199777
199783
199799
199807
199811
199813
199819
199831
199853
199873
199877
199889
199909
199921
199931
199933
199961
199967
199999
